#VERSION:0.81;
#TITLE:ELVIS;
#SUBTITLE:;
#ARTIST:AOA;
#TITLETRANSLIT:;
#SUBTITLETRANSLIT:;
#ARTISTTRANSLIT:;
#GENRE:K-POP;
#ORIGIN:;
#CREDIT:Andamiro;
#BANNER:1439.png;
#BACKGROUND:1439-wide.png;
#PREVIEWVID:1439_P.mpg;
#JACKET:;
#CDIMAGE:;
#DISCIMAGE:1439-wide.PNG;
#LYRICSPATH:;
#CDTITLE:;
#MUSIC:1439.mp3;
#OFFSET:-0.281000;
#SAMPLESTART:28.679901;
#SAMPLELENGTH:12.000000;
#SELECTABLE:YES;
#SONGTYPE:ARCADE;
#SONGCATEGORY:K-POP;
#VOLUME:100;
#DISPLAYBPM:135.000000;
#BPMS:0.000=135.000;
#STOPS:;
#DELAYS:;
#WARPS:;
#TIMESIGNATURES:0.000=4=4;
#TICKCOUNTS:0.000=8;
#COMBOS:0.000=1;
#SPEEDS:0.000=1.000=0.000=0;
#SCROLLS:0.000=1.000;
#FAKES:;
#LABELS:0.000=Song Start;
#LASTSECONDHINT:113.038780;
#BGCHANGES:-10000.000=black.mpg=1.000=1=0=1===CrossFade==,
-0.700=1439.mpg=1.000=1=0=0=StretchNoLoop==CrossFade==,
99999=-nosongbg-=1.000=0=0=0 // don't automatically add -songbackground-
;
#KEYSOUNDS:;
#ATTACKS:
  TIME=14.65:LEN=5.00:MODS=test;
//---------------pump-single - s2----------------
#NOTEDATA:;
#CHARTNAME:;
#STEPSTYPE:pump-single;
#DESCRIPTION:s2;
#CHARTSTYLE:;
#DIFFICULTY:Beginner;
#METER:2;
#RADARVALUES:0.139123,0.109218,0.045507,0.000000,0.000000,102.000000,5.000000,0.000000,0.000000,0.000000,0.000000,0.000000,0.000000,0.139123,0.109218,0.045507,0.000000,0.000000,102.000000,5.000000,0.000000,0.000000,0.000000,0.000000,0.000000,0.000000;
#CREDIT:Andamiro;
#OFFSET:-0.281000;
#BPMS:0.000000=135.000000
;
#STOPS:;
#DELAYS:;
#WARPS:;
#TIMESIGNATURES:0.000000=4=4
;
#TICKCOUNTS:0.000000=4
;
#COMBOS:0.000000=1
;
#SPEEDS:0.000000=1.000000=0.000000=0
;
#SCROLLS:0.000000=1.000000
;
#FAKES:;
#LABELS:0.000=Song Start;
#ATTACKS:TIME=14.65:LEN=5.00:MODS=test:TIME=14.65:LEN=5.00:MODS=test:TIME=14.65:LEN=5.00:MODS=test:TIME=14.65:LEN=5.00:MODS=test:TIME=14.65:LEN=5.00:MODS=test:TIME=14.65:LEN=5.00:MODS=test:TIME=14.65:LEN=5.00:MODS=test:TIME=14.65:LEN=5.00:MODS=test:TIME=14.65:LEN=5.00:MODS=test:TIME=14.65:LEN=5.00:MODS=test;
#DISPLAYBPM:135.000000;
#NOTES:
00000
00000
00000
00000
,
00000
00000
00000
00000
,
00000
00000
00000
00000
,
00000
00000
00000
00000
,
10000
00000
10000
00000
,
00001
00000
00001
00000
,
01000
00000
01000
00000
,
00010
00000
00010
00000
,
10000
00000
10000
00000
,
10000
00000
00000
00000
,
00001
00000
00001
00000
,
00001
00000
00000
00000
,
10000
00000
10000
00000
,
00001
00000
00001
00000
,
10000
00000
00001
00000
,
10001
00000
00000
00000
,
10000
00000
10000
00000
,
00001
00000
00001
00000
,
10000
00000
00001
00000
,
10000
00000
00001
00000
,
10000
00000
10000
00000
,
00001
00000
00001
00000
,
10000
00000
00001
00000
,
10001
00000
00000
00000
,
10000
00000
10000
00000
,
00001
00000
00001
00000
,
01000
00000
01000
00000
,
00010
00000
00010
00000
,
01000
00000
00010
00000
,
00100
00000
00000
00000
,
00010
00000
01000
00000
,
00100
00000
00000
00000
,
01000
00000
01000
00000
,
01000
00000
00000
00000
,
00010
00000
00010
00000
,
00010
00000
00000
00000
,
01000
00000
01000
00000
,
00010
00000
00010
00000
,
01000
00000
00010
00000
,
01010
00000
00000
00000
,
01000
00000
01000
00000
,
00010
00000
00010
00000
,
01000
00000
00010
00000
,
01000
00000
00010
00000
,
01000
00000
01000
00000
,
00010
00000
00010
00000
,
01000
00000
00010
00000
,
01010
00000
00000
00000
,
10000
00000
00001
00000
,
01000
00000
00010
00000
,
10000
00000
00001
00000
,
01000
00000
00010
00000
,
01000
00000
00010
00000
,
10000
00000
00001
00000
,
01000
00000
00010
00000
,
00100
00000
00000
00000
,
00001
00000
00001
00000
,
10000
00000
10000
00000
,
00010
00000
00010
00000
,
01000
00000
01000
00000
,
01010
00000
00000
00000
;
//---------------pump-single - s4----------------
#NOTEDATA:;
#CHARTNAME:;
#STEPSTYPE:pump-single;
#DESCRIPTION:s4;
#CHARTSTYLE:;
#DIFFICULTY:Easy;
#METER:4;
#RADARVALUES:0.222337,0.245741,0.109218,0.109218,0.000000,147.000000,12.000000,12.000000,0.000000,0.000000,0.000000,0.000000,0.000000,0.222337,0.245741,0.109218,0.109218,0.000000,147.000000,12.000000,12.000000,0.000000,0.000000,0.000000,0.000000,0.000000;
#CREDIT:Andamiro;
#OFFSET:-0.281000;
#BPMS:0.000000=135.000000
;
#STOPS:;
#DELAYS:;
#WARPS:;
#TIMESIGNATURES:0.000000=4=4
;
#TICKCOUNTS:0.000000=4
;
#COMBOS:0.000000=1
;
#SPEEDS:0.000000=1.000000=0.000000=0
;
#SCROLLS:0.000000=1.000000
;
#FAKES:;
#LABELS:0.000=Song Start;
#ATTACKS:TIME=14.65:LEN=5.00:MODS=test:TIME=14.65:LEN=5.00:MODS=test:TIME=14.65:LEN=5.00:MODS=test:TIME=14.65:LEN=5.00:MODS=test:TIME=14.65:LEN=5.00:MODS=test:TIME=14.65:LEN=5.00:MODS=test:TIME=14.65:LEN=5.00:MODS=test:TIME=14.65:LEN=5.00:MODS=test:TIME=14.65:LEN=5.00:MODS=test:TIME=14.65:LEN=5.00:MODS=test;
#DISPLAYBPM:135.000000;
#NOTES:
00000
00000
00000
00000
,
00000
00000
00000
00000
,
00000
00000
00000
00000
,
00000
00000
00000
00000
,
00010
00000
00100
00000
,
00001
00100
00001
00000
,
01000
00000
00100
00000
,
10000
00100
10000
00000
,
00002
00103
00002
00103
,
00002
00103
00000
00000
,
20000
30100
20000
30100
,
20000
30100
00000
00000
,
00100
00000
10000
00000
,
00001
00000
00100
00000
,
00010
00000
01000
00000
,
01010
00000
00000
00000
,
01000
00100
10000
00000
,
00010
00100
00001
00000
,
10000
00001
10000
00001
,
10001
00000
10001
00000
,
00001
00100
00010
00000
,
10000
00100
01000
00000
,
00010
00000
00100
00000
,
10001
00000
00000
00000
,
10000
00000
00001
00000
,
00001
00000
01000
00000
,
01000
00000
00010
00000
,
00010
01000
00010
01000
,
01010
00000
00010
00000
,
00100
00100
00100
00000
,
00001
00000
10000
00000
,
00100
00100
00100
00000
,
02000
03100
02000
03100
,
02000
03100
00000
00000
,
00020
00130
00020
00130
,
00020
00130
00000
00000
,
00100
00000
00001
00000
,
10000
00000
00100
00000
,
01000
00000
00010
00000
,
01010
00000
00000
00000
,
00010
00100
00001
00000
,
01000
00100
10000
00000
,
00001
10000
00001
10000
,
10001
00000
10001
00000
,
10000
00100
01000
00000
,
00001
00100
00010
00000
,
01000
00000
00100
00000
,
10001
00000
00000
00000
,
00010
00100
00001
00001
,
01000
00100
10000
10000
,
00001
00001
10000
10000
,
10001
00000
00000
00000
,
00001
00100
00010
00010
,
10000
00100
01000
01000
,
00010
00010
01000
01000
,
01010
00000
00000
00000
,
00010
00000
01000
00000
,
01000
00000
00001
00000
,
00001
00000
10000
00000
,
10000
00001
10000
00001
,
10001
00000
00000
00000
;
//---------------pump-single - s7----------------
#NOTEDATA:;
#CHARTNAME:;
#STEPSTYPE:pump-single;
#DESCRIPTION:s7;
#CHARTSTYLE:;
#DIFFICULTY:Medium;
#METER:7;
#RADARVALUES:0.473278,0.546090,0.118319,0.536988,0.027304,292.000000,13.000000,59.000000,0.000000,0.000000,0.000000,0.000000,0.000000,0.473278,0.546090,0.118319,0.536988,0.027304,292.000000,13.000000,59.000000,0.000000,0.000000,0.000000,0.000000,0.000000;
#CREDIT:Andamiro;
#OFFSET:-0.281000;
#BPMS:0.000000=135.000000
;
#STOPS:;
#DELAYS:;
#WARPS:;
#TIMESIGNATURES:0.000000=4=4
;
#TICKCOUNTS:0.000000=4
;
#COMBOS:0.000000=1
;
#SPEEDS:0.000000=1.000000=0.000000=0
;
#SCROLLS:0.000000=1.000000
;
#FAKES:;
#LABELS:0.000=Song Start;
#ATTACKS:TIME=14.65:LEN=5.00:MODS=test:TIME=14.65:LEN=5.00:MODS=test:TIME=14.65:LEN=5.00:MODS=test:TIME=14.65:LEN=5.00:MODS=test:TIME=14.65:LEN=5.00:MODS=test:TIME=14.65:LEN=5.00:MODS=test:TIME=14.65:LEN=5.00:MODS=test:TIME=14.65:LEN=5.00:MODS=test:TIME=14.65:LEN=5.00:MODS=test:TIME=14.65:LEN=5.00:MODS=test;
#DISPLAYBPM:135.000000;
#NOTES:
00000
00000
00000
00000
,
00000
00000
00000
00000
,
00000
00000
00000
00000
,
00000
00000
00000
00000
,
10000
00100
10000
00001
10000
00100
10000
00001
,
10000
00100
10000
00002
10003
00000
00000
00000
,
00001
00100
00001
10000
00001
00100
00002
00003
,
10000
00001
00100
00002
10003
00000
00000
00000
,
20000
30001
20000
30010
,
20000
30100
00000
00000
,
00002
10003
00002
01003
,
00002
00103
00000
00000
,
01000
00100
10000
00002
00003
00100
00010
02000
,
03000
00100
10000
00002
00003
00100
00010
00100
,
00001
10000
00100
01000
00010
00100
00001
10000
,
10001
00000
00000
00000
,
10000
00100
10000
00010
00100
00000
10010
00000
,
00001
00100
00001
01000
00100
00000
01001
00000
,
00020
00130
00002
00103
00020
00130
00002
00103
,
00020
00130
00001
10000
00100
00000
01010
00000
,
01000
00100
01000
00001
00100
00000
01001
00000
,
00010
00100
00010
10000
00100
00000
10010
00000
,
00010
01000
00000
00000
01000
00010
00000
00000
,
10000
00001
00000
00000
00000
00000
00001
10000
00000
00000
00000
00000
00000
00000
00000
00000
,
00002
00003
00200
00300
00010
00010
00000
00000
,
20000
30000
00200
00300
01000
01000
00000
00000
,
00002
00003
00200
00300
00010
00010
00000
00000
,
02000
03000
00020
00030
10000
00001
01000
00010
,
00100
00100
00100
00001
00100
00100
00100
00010
,
01000
00001
10000
00100
02000
03000
00000
00000
,
00100
00100
00100
10000
00100
00100
00100
00000
,
01000
00010
10000
00001
00100
00000
00000
00000
,
00020
01030
00020
10030
,
00020
00130
00000
00000
,
02000
03010
02000
03001
,
02000
03100
00000
00000
,
10000
00100
01000
00020
00030
00100
00001
20000
,
30000
00100
01000
00020
00030
00100
00001
00100
,
00010
01000
00100
10000
00001
00100
00010
01000
,
01010
00000
00000
00000
,
01000
00100
01000
00001
00100
00000
01001
00000
,
00010
00100
00010
10000
00100
00000
10010
00000
,
00002
00103
00020
00130
00002
00103
00020
00130
,
00002
00103
00010
01000
00100
00000
10001
00000
,
10000
00100
10000
00010
00100
00000
10010
00000
,
00001
00100
00001
01000
00100
00000
01001
00000
,
10000
00001
00000
00000
00100
00001
10000
00000
,
00010
01000
00000
00000
00000
00000
01000
00010
00000
00000
00000
00000
00000
00000
00000
00000
,
10000
00000
00100
00000
02000
03100
20000
30100
,
01000
00000
00100
00000
20000
30100
02000
03100
,
10000
00000
00100
00000
02000
03100
20000
30100
,
02000
03001
00000
00000
,
00001
00000
00100
00000
00020
00130
00002
00103
,
00010
00000
00100
00000
00002
00103
00020
00130
,
00001
00000
00100
00000
00020
00130
00002
00103
,
00010
01000
00000
00000
00000
00000
01000
00010
00000
00000
00000
00000
00000
00000
00000
00000
,
00002
00003
00200
00300
00010
00010
00000
00000
,
20000
30000
00200
00300
01000
01000
00000
00000
,
00002
00003
00200
00300
00010
00010
00000
00000
,
01000
00010
10000
00001
00100
00010
01000
00100
,
10001
00000
00000
00000
;
//---------------pump-single - s15----------------
#NOTEDATA:;
#CHARTNAME:;
#STEPSTYPE:pump-single;
#DESCRIPTION:s15;
#CHARTSTYLE:;
#DIFFICULTY:Hard;
#METER:15;
#RADARVALUES:0.761926,1.000000,0.473278,0.664409,0.678062,461.000000,52.000000,73.000000,0.000000,0.000000,0.000000,0.000000,223.000000,0.761926,1.000000,0.473278,0.664409,0.678062,461.000000,52.000000,73.000000,0.000000,0.000000,0.000000,0.000000,223.000000;
#CREDIT:Andamiro;
#OFFSET:-0.281000;
#BPMS:0.000000=135.000000
,384.000000=270.000000
,384.500000=135.000000
;
#STOPS:;
#DELAYS:;
#WARPS:32.000000=12.000000
,46.000000=12.000000
,60.000000=12.000000
,76.000000=12.000000
,90.000000=12.000000
,104.000000=12.000000
,200.000000=12.000000
,214.000000=12.000000
,228.000000=12.000000
,244.000000=12.000000
,258.000000=12.000000
,272.000000=12.000000
;
#TIMESIGNATURES:0.000000=4=4
;
#TICKCOUNTS:0.000000=8
,384.000000=16
,384.500000=8
;
#COMBOS:0.000000=1
;
#SPEEDS:0.000000=1.000000=0.000000=0
;
#SCROLLS:0.000000=1.000000
,32.000000=0.000000
,32.250000=1.000000
,33.000000=0.000000
,33.250000=1.000000
,34.000000=0.000000
,34.250000=1.000000
,35.000000=0.000000
,35.250000=1.000000
,36.000000=0.000000
,36.250000=1.000000
,37.000000=0.000000
,37.250000=1.000000
,44.000000=0.000000
,44.250000=1.000000
,45.000000=0.000000
,45.250000=1.000000
,46.000000=0.000000
,46.250000=1.000000
,47.000000=0.000000
,47.250000=1.000000
,48.000000=0.000000
,48.250000=1.000000
,49.000000=0.000000
,49.250000=1.000000
,52.000000=0.000000
,52.250000=1.000000
,53.000000=0.000000
,53.250000=1.000000
,58.000000=0.000000
,58.250000=1.000000
,59.000000=0.000000
,59.250000=1.000000
,60.000000=0.000000
,60.250000=1.000000
,61.000000=0.000000
,61.250000=1.000000
,64.000000=0.000000
,64.250000=1.000000
,65.000000=0.000000
,65.250000=1.000000
,72.000000=0.000000
,72.250000=1.000000
,73.000000=0.000000
,73.250000=1.000000
,76.000000=0.000000
,76.250000=1.000000
,77.000000=0.000000
,77.250000=1.000000
,78.000000=0.000000
,78.250000=1.000000
,79.000000=0.000000
,79.250000=1.000000
,80.000000=0.000000
,80.250000=2.000000
,80.500000=0.000000
,80.750000=2.000000
,81.000000=1.000000
,88.000000=0.000000
,88.250000=1.000000
,89.000000=0.000000
,89.250000=1.000000
,90.000000=0.000000
,90.250000=1.000000
,91.000000=0.000000
,91.250000=1.000000
,92.000000=0.000000
,92.250000=2.000000
,92.500000=0.000000
,92.750000=2.000000
,93.000000=1.000000
,102.000000=0.000000
,102.250000=1.000000
,103.000000=0.000000
,103.250000=1.000000
,104.000000=0.000000
,104.250000=2.000000
,104.500000=0.000000
,104.750000=2.000000
,105.000000=1.000000
,116.000000=0.000000
,116.250000=2.000000
,116.500000=0.000000
,116.750000=2.000000
,117.000000=1.000000
,200.000000=0.000000
,200.250000=1.000000
,201.000000=0.000000
,201.250000=1.000000
,212.000000=0.000000
,212.250000=1.000000
,213.000000=0.000000
,213.250000=1.000000
,226.000000=0.000000
,226.250000=1.000000
,227.000000=0.000000
,227.250000=1.000000
,240.000000=0.000000
,240.250000=1.000000
,241.000000=0.000000
,241.250000=1.000000
,256.000000=0.000000
,256.250000=1.000000
,257.000000=0.000000
,257.250000=1.000000
,270.000000=0.000000
,270.250000=1.000000
,271.000000=0.000000
,271.250000=1.000000
,284.000000=0.000000
,284.250000=2.000000
,284.500000=0.000000
,284.750000=2.000000
,285.000000=1.000000
,384.000000=0.500000
,384.500000=1.000000
;
#FAKES:;
#LABELS:0.000=Song Start;
#ATTACKS:TIME=14.650000:LEN=5.000000:MODS=test:TIME=14.650000:LEN=5.000000:MODS=test:TIME=14.650000:LEN=5.000000:MODS=test:TIME=14.650000:LEN=5.000000:MODS=test:TIME=14.650000:LEN=5.000000:MODS=test:TIME=14.650000:LEN=5.000000:MODS=test:TIME=14.650000:LEN=5.000000:MODS=test:TIME=14.650000:LEN=5.000000:MODS=test:TIME=14.650000:LEN=5.000000:MODS=test;
#DISPLAYBPM:135.000000;
#NOTES:
// measure 0
00000
00000
00000
00000
,  // measure 1
00000
00000
00000
00000
,  // measure 2
00000
00000
00000
00000
,  // measure 3
00000
00000
00000
00000
,  // measure 4
01000
00100
01000
00001
00100
00010
01000
00010
,  // measure 5
00100
00001
10000
00100
02020
03030
00000
00000
,  // measure 6
01000
00010
00100
00001
10000
00000
00100
00000
10001
00000
10001
00000
10001
00000
00000
00000
,  // measure 7
00020
00130
02000
03100
20002
30003
00000
00000
,  // measure 8
02100
03001
00120
10030
,  // measure 9
02100
00000
03001
00000
00000
10000
00001
00100
,  // measure 10
00000
00000
00000
00000
,  // measure 11
06100
03001
00120
10030
,  // measure 12
02100
00000
03001
00000
00000
10000
00001
00100
,  // measure 13
00120
10030
00000
00000
,  // measure 14
00000
00000
00160
10030
,  // measure 15
02100
00000
03001
00000
00000
10000
00001
00100
,  // measure 16
00120
10030
02100
03001
,  // measure 17
00000
00000
00000
00000
,  // measure 18
06100
00000
03001
00000
00000
10000
00001
00100
,  // measure 19
00120
10030
02100
03001
,  // measure 20
01020
00000
00100
00000
10030
00000
00000
00000
00020
00030
00100
00001
00010
00100
01000
00010
,  // measure 21
00000
00000
00000
00000
,  // measure 22
00160
10030
02100
03001
,  // measure 23
01020
00000
00100
00000
10030
00000
00000
00000
00020
00030
00100
00001
00010
00100
01000
00010
,  // measure 24
00200
00300
00002
00003
20000
30000
00200
00000
00000
00000
00300
00000
00000
00000
00000
00000
,  // measure 25
00000
00000
06100
03001
,  // measure 26
01020
00000
00100
00000
10030
00000
00000
00000
00020
00030
00100
00001
00010
00100
01000
00010
,  // measure 27
00200
00300
00002
00003
20000
30000
00200
00000
00000
00000
00300
00000
00000
00000
00000
00000
,  // measure 28
00000
00000
00000
00000
,  // measure 29
01060
00000
00100
00000
10030
00000
00000
00000
00020
00030
00100
00001
00010
00100
01000
00010
,  // measure 30
00200
00300
00002
00003
20000
30000
00200
00000
00000
00300
01000
00100
10000
01000
00200
00000
,  // measure 31
00000
00300
00010
00100
00001
00010
00200
00000
00000
00300
01000
00100
10000
01000
00100
00000
,  // measure 32
00010
01000
00100
10000
00001
00100
00010
01000
,  // measure 33
01010
00000
00000
00000
00010
01000
00100
10000
,  // measure 34
00001
00000
00100
00000
00010
00100
00010
00000
10000
00000
00100
00000
01000
00100
01000
00000
,  // measure 35
00010
00000
00100
00000
00001
00100
00001
00000
01000
00000
00100
00000
10000
00100
10000
00000
,  // measure 36
00010
00100
00002
00003
00010
00100
02000
03000
00010
00100
00002
00003
00010
00100
02000
03000
,  // measure 37
00010
10000
00001
00100
01010
00000
10001
00000
,  // measure 38
01000
00000
00100
00000
10000
00100
10000
00000
00010
00000
00100
00000
00001
00100
00001
00000
,  // measure 39
10000
00000
00100
00000
01000
00100
01000
00000
00001
00000
00100
00000
00010
00100
00010
00000
,  // measure 40
00110
20000
00000
30000
10000
00010
00100
00001
,  // measure 41
01000
00100
00000
00000
00000
00000
00000
00000
00000
00000
00000
00000
00010
00000
00100
00000
00010
00000
01000
00000
00010
00000
01000
00000
00100
00000
10000
00000
00001
00000
00100
00000
,  // measure 42
00020
00000
00000
00030
00100
00001
10000
00000
10001
00000
10001
00000
00000
00000
00000
00000
,  // measure 43
02000
00000
00000
03000
00100
10000
00001
00000
10001
00000
10001
00000
00000
00000
00000
00000
,  // measure 44
00002
00000
00000
00003
00100
00010
01000
00000
01010
00000
01010
00000
00000
00000
00000
00000
,  // measure 45
10000
01000
00200
00300
00001
00010
00200
00300
10000
01000
00100
00010
01000
00100
10000
00001
,  // measure 46
00100
00000
00100
00000
00100
00000
00001
10000
00100
00000
00100
00000
00100
00000
10000
00000
,  // measure 47
00001
00000
00100
00000
00010
00000
01000
00000
00100
00000
01000
00010
00100
00000
00010
01000
,  // measure 48
00100
00000
00100
00000
00100
00000
01000
00010
00100
00000
00100
00000
00100
00000
00000
00000
,  // measure 49
00002
00103
20000
30100
02020
03030
00000
00000
,  // measure 50
01002
00000
00000
00000
00103
00000
00000
00000
20010
00000
00000
30100
00000
00000
01002
00000
,  // measure 51
00000
00103
00000
00000
00000
00000
00001
00000
10000
00000
00100
00000
20010
00000
00000
30100
,  // measure 52
00000
00000
01002
00000
00000
00103
00000
00000
20010
00000
00100
00000
30001
00000
00000
00000
,  // measure 53
01006
00000
00000
00000
00103
00000
00000
00000
20010
00000
00000
30100
00000
00000
01002
00000
,  // measure 54
00000
00103
00000
00000
00000
00000
00001
00000
10000
00000
00100
00000
20010
00000
00000
30100
,  // measure 55
00000
00000
01002
00000
00000
00103
00000
00000
20010
00000
00100
00000
30001
00000
00000
00000
,  // measure 56
20000
30000
00100
10000
00000
00000
00000
00000
60010
00000
00000
00000
30100
00000
00000
00000
,  // measure 57
01002
00000
00000
00103
00000
00000
00000
00000
00001
00000
10000
00000
00100
00000
20010
00000
,  // measure 58
00000
30100
00000
00000
01002
00000
00000
00103
00000
00000
20010
00000
00100
00000
30001
00000
,  // measure 59
00000
00000
20000
30000
00100
10000
01000
00100
00010
01000
00200
00300
00000
00000
00000
00000
,  // measure 60
01006
00000
00103
00000
00000
00001
10000
00100
,  // measure 61
20010
00000
00000
30100
00000
00000
01002
00000
00000
00103
00000
00000
20010
00000
00100
00000
,  // measure 62
30001
00000
00000
00000
20000
30000
00100
10000
01000
00100
00010
01000
00200
00300
20000
30000
,  // measure 63
00002
00003
00200
00000
00000
00300
00010
00100
00001
00010
00200
00000
00000
00300
00000
00000
,  // measure 64
60010
00000
00000
00000
30100
00000
00000
00000
01002
00000
00000
00103
00000
00000
20010
00000
,  // measure 65
00100
00000
30001
00000
00000
00000
20000
30000
00100
10000
01000
00100
00010
01000
00200
00300
,  // measure 66
20000
30000
00002
00003
00200
00000
00000
00300
00010
00100
00001
00010
00200
00000
00000
00300
,  // measure 67
00000
00000
01006
00103
,  // measure 68
20010
00000
00100
00000
30001
00000
00000
00000
20000
30000
00100
10000
01000
00100
00010
01000
,  // measure 69
00200
00300
20000
30000
00002
00003
00200
00000
00000
00300
00010
00100
00001
00010
00200
00000
,  // measure 70
00000
00300
00000
00000
00000
00000
00000
00000
00000
00000
00000
00000
00000
00000
00000
00000
,  // measure 71
60010
00000
00100
00000
30001
00000
00000
00000
20000
30000
00100
10000
01000
00100
00010
01000
,  // measure 72
00200
00300
20000
30000
00002
00003
00200
00000
00000
00300
00010
00100
00001
00010
00200
00000
,  // measure 73
00000
00300
01000
00100
10000
01000
00200
00000
00000
00300
00010
00100
00001
00010
00100
00000
,  // measure 74
01000
00010
00100
00001
10000
00100
01000
00010
,  // measure 75
01010
00000
00000
00000
01000
00010
00100
00001
,  // measure 76
10000
00000
00100
00000
01000
00100
01000
00000
00001
00000
00100
00000
00010
00100
00010
00000
,  // measure 77
01000
00000
00100
00000
10000
00100
10000
00000
00010
00000
00100
00000
00001
00100
00001
00000
,  // measure 78
01000
00100
20000
30000
01000
00100
00020
00030
01000
00100
20000
30000
01000
00100
00020
00030
,  // measure 79
01000
00001
10000
00100
01010
00000
10001
00000
,  // measure 80
00010
00000
00100
00000
00001
00100
00001
00000
01000
00000
00100
00000
10000
00100
10000
00000
,  // measure 81
00001
00000
00100
00000
00010
00100
00010
00000
10000
00000
00100
00000
01000
00100
01000
00000
,  // measure 82
01100
00002
00000
00003
00001
01000
00100
10000
,  // measure 83
00010
00100
00000
00000
00000
00000
00000
00000
00000
00000
00000
00000
01000
00000
00100
00000
01000
00000
00010
00000
01000
00000
00010
00000
00100
00000
00001
00000
10000
00000
00100
00000
,  // measure 84
02200
03300
00000
00000
00202
00303
00000
00000
01000
00100
01000
00100
10000
00001
00100
00000
,  // measure 85
00220
00330
00000
00000
20200
30300
00000
00000
00010
00100
00010
00100
00001
10000
00100
00000
,  // measure 86
02200
03300
00000
00000
00202
00303
00000
00000
01000
00100
01000
00100
10000
00001
00100
00000
,  // measure 87
00220
00330
00000
00000
02200
03300
00000
00000
01000
00010
00000
00100
00000
00010
01000
00100
,  // measure 88
20200
30300
00000
00000
00220
00330
00000
00000
10000
00100
10000
00100
01000
00010
00100
00000
,  // measure 89
00202
00303
00000
00000
02200
03300
00000
00000
00001
00100
00001
00100
00010
01000
00100
00000
,  // measure 90
20200
30300
00000
00000
00220
00330
00000
00000
10000
00100
10000
00100
01000
00010
00100
00001
,  // measure 91
10000
00100
00000
00000
00000
00000
00000
00000
00000
00000
00000
00000
00001
00000
00100
00000
00001
00000
10000
00000
00001
00000
10000
00000
00100
00000
01000
00000
00010
00000
00100
00000
,  // measure 92
00002
00000
00000
00003
00100
00010
01000
00000
01010
00000
01010
00000
00000
00000
00000
00000
,  // measure 93
20000
00000
00000
30000
00100
01000
00010
00000
01010
00000
01010
00000
00000
00000
00000
00000
,  // measure 94
00020
00000
00000
00030
00100
00001
10000
00000
10001
00000
10001
00000
00000
00000
00000
00000
,  // measure 95
00001
00010
00200
00300
10000
01000
00200
00300
00001
00010
00100
01000
00010
00100
00001
10000
,  // measure 96
00200
00000
00000
00000
,  // measure 97
00000
00000
00000
00000
00000
00000
00000
00000
00000
00300
00000
00000
00000
00000
00000
00000
;
//---------------pump-double - d5----------------
#NOTEDATA:;
#CHARTNAME:;
#STEPSTYPE:pump-double;
#DESCRIPTION:d5;
#CHARTSTYLE:;
#DIFFICULTY:Medium;
#METER:5;
#RADARVALUES:0.267844,0.327654,0.136523,0.273045,0.000000,161.000000,15.000000,30.000000,0.000000,0.000000,0.000000,0.000000,0.000000,0.267844,0.327654,0.136523,0.273045,0.000000,161.000000,15.000000,30.000000,0.000000,0.000000,0.000000,0.000000,0.000000;
#CREDIT:Andamiro;
#OFFSET:-0.281000;
#BPMS:0.000000=135.000000
;
#STOPS:;
#DELAYS:;
#WARPS:;
#TIMESIGNATURES:0.000000=4=4
;
#TICKCOUNTS:0.000000=4
;
#COMBOS:0.000000=1
;
#SPEEDS:0.000000=1.000000=0.000000=0
;
#SCROLLS:0.000000=1.000000
;
#FAKES:;
#LABELS:0.000=Song Start;
#ATTACKS:TIME=14.65:LEN=5.00:MODS=test:TIME=14.65:LEN=5.00:MODS=test:TIME=14.65:LEN=5.00:MODS=test:TIME=14.65:LEN=5.00:MODS=test:TIME=14.65:LEN=5.00:MODS=test:TIME=14.65:LEN=5.00:MODS=test:TIME=14.65:LEN=5.00:MODS=test:TIME=14.65:LEN=5.00:MODS=test:TIME=14.65:LEN=5.00:MODS=test;
#DISPLAYBPM:135.000000;
#NOTES:
0000000000
0000000000
0000000000
0000000000
,
0000000000
0000000000
0000000000
0000000000
,
0000000000
0000000000
0000000000
0000000000
,
0000000000
0000000000
0000000000
0000000000
,
0000100000
0000000000
0000010000
0000000000
,
0001000000
0000000000
0000001000
0000000000
,
0000100000
0000000000
0000010000
0000000000
,
0001000000
0000001000
0001001000
0000000000
,
0002000000
0003001000
0002000000
0003001000
,
0002000000
0003001000
0000000000
0000000000
,
0000002000
0001003000
0000002000
0001003000
,
0000002000
0001003000
0000000000
0000000000
,
0001000000
0000010000
0000200000
0000300000
,
0000002000
0000003000
0000020000
0000030000
,
0000001000
0000010000
0000000010
0000001000
,
0000001010
0000000000
0000000000
0000000000
,
0000000010
0000000100
0000000010
0000000000
,
0000010000
0000000100
0000010000
0000000000
,
0000001000
0000100000
0000010000
0001000000
,
0000100000
0000000000
1000000000
0000000000
,
0001000000
0010000000
0001000000
0000000000
,
1000000000
0010000000
1000000000
0000000000
,
0000100000
0000000000
1000000000
0000000000
,
1000100000
0000000000
0000000000
0000000000
,
0000100000
1000000000
1000100000
0000000000
,
0000010000
0000100000
0000110000
0000000000
,
0000000001
0000010000
0000010001
0000000000
,
0000000001
0000001000
0000000100
0000010000
,
0000001000
0000000000
0000001000
0000001000
,
0001000000
0000000000
0001000000
0001000000
,
0000010000
0000000000
0000010000
0000010000
,
0000100000
0000000000
0000110000
0000000000
,
0000200000
0000310000
0000200000
0000310000
,
0000200000
0000310000
0000000000
0000000000
,
0000020000
0000130000
0000020000
0000130000
,
0000020000
0000130000
0000000000
0000000000
,
0000001000
0000100000
0000020000
0000030000
,
0002000000
0003000000
0000200000
0000300000
,
0001000000
0000100000
0100000000
0001000000
,
0101000000
0000000000
0000000000
0000000000
,
0100000000
0010000000
0100000000
0000000000
,
0000100000
0010000000
0000100000
0000000000
,
0001000000
0000010000
0000100000
0000001000
,
0000010000
0000000000
0000000001
0000000000
,
0000001000
0000000100
0000001000
0000000000
,
0000000001
0000000100
0000000001
0000000000
,
0000010000
0000000000
0000000001
0000000000
,
0000010001
0000000000
0000000000
0000000000
,
0000000001
0000000000
0000001000
0000000000
0000000200
0000000300
0000020000
0000030000
,
0000001000
0000000000
0001000000
0000000000
0000200000
0000300000
0020000000
0030000000
,
0001000000
0000000000
0100000000
0000000000
0020000000
0030000000
2000000000
0000000000
,
3000100000
1000100000
0000000000
0000000000
,
1000000000
0000000000
0001000000
0000000000
0020000000
0030000000
0000200000
0000300000
,
0001000000
0000000000
0000001000
0000000000
0000020000
0000030000
0000000200
0000000300
,
0000001000
0000000000
0000000010
0000000000
0000000200
0000000300
0000000002
0000000000
,
0000010003
0000000000
0000000000
0000010001
0000000000
0000000000
0000000000
0000000000
,
0000001000
0000000010
0000001010
0000000000
,
0001000000
0000001000
0001001000
0000000000
,
0100000000
0001000000
0101000000
0000000000
,
0000100000
0001000000
0000001000
0000100000
,
0000110000
0000000000
0000000000
0000000000
;
//---------------pump-double - d16----------------
#NOTEDATA:;
#CHARTNAME:;
#STEPSTYPE:pump-double;
#DESCRIPTION:d16;
#CHARTSTYLE:;
#DIFFICULTY:Hard;
#METER:16;
#RADARVALUES:0.764526,1.000000,0.573394,0.746323,0.846439,443.000000,63.000000,82.000000,0.000000,0.000000,0.000000,0.000000,248.000000,0.764526,1.000000,0.573394,0.746323,0.846439,443.000000,63.000000,82.000000,0.000000,0.000000,0.000000,0.000000,248.000000;
#CREDIT:Andamiro;
#OFFSET:-0.281000;
#BPMS:0.000000=135.000000
,14.000000=270.000000
,15.500000=540.000000
,20.500000=135.000000
;
#STOPS:;
#DELAYS:;
#WARPS:36.500000=12.000000
,50.500000=12.000000
,64.500000=12.000000
,80.500000=12.000000
,94.500000=12.000000
,108.500000=12.000000
,204.500000=12.000000
,218.500000=12.000000
,232.500000=12.000000
,248.500000=12.000000
,262.500000=12.000000
,276.500000=12.000000
;
#TIMESIGNATURES:0.000000=4=4
;
#TICKCOUNTS:0.000000=4
,14.000000=16
,20.500000=4
,36.500000=8
,138.500000=4
,168.500000=8
,170.000000=4
,204.500000=8
,306.500000=4
,336.500000=8
,338.000000=4
,368.500000=8
,370.000000=4
;
#COMBOS:0.000000=1
;
#SPEEDS:0.000000=1.000000=0.000000=0
;
#SCROLLS:0.000000=0.125000
,13.000000=1.000000
,14.000000=0.500000
,15.500000=0.250000
,20.500000=1.000000
,48.500000=0.000000
,48.750000=1.000000
,49.500000=0.000000
,49.750000=1.000000
,62.500000=0.000000
,62.750000=1.000000
,63.500000=0.000000
,63.750000=1.000000
,76.500000=0.000000
,76.750000=1.000000
,77.500000=0.000000
,77.750000=1.000000
,92.500000=0.000000
,92.750000=1.000000
,93.500000=0.000000
,93.750000=1.000000
,106.500000=0.000000
,106.750000=1.000000
,107.500000=0.000000
,107.750000=1.000000
,120.500000=0.000000
,120.750000=2.000000
,121.000000=0.000000
,121.250000=2.000000
,121.500000=0.000000
,121.750000=1.000000
,216.500000=0.000000
,216.750000=1.000000
,217.500000=0.000000
,217.750000=1.000000
,230.500000=0.000000
,230.750000=1.000000
,231.500000=0.000000
,231.750000=1.000000
,244.500000=0.000000
,244.750000=1.000000
,245.500000=0.000000
,245.750000=1.000000
,260.500000=0.000000
,260.750000=1.000000
,261.500000=0.000000
,261.750000=1.000000
,274.500000=0.000000
,274.750000=1.000000
,275.500000=0.000000
,275.750000=1.000000
,288.500000=0.000000
,288.750000=2.000000
,289.000000=0.000000
,289.250000=2.000000
,289.500000=0.000000
,289.750000=1.000000
;
#FAKES:;
#LABELS:0.000=Song Start;
#ATTACKS:TIME=14.65:LEN=5.00:MODS=test:TIME=14.65:LEN=5.00:MODS=test:TIME=14.650000:LEN=5.000000:MODS=test:TIME=14.650000:LEN=5.000000:MODS=test:TIME=14.650000:LEN=5.000000:MODS=test:TIME=14.650000:LEN=5.000000:MODS=test:TIME=14.650000:LEN=5.000000:MODS=test;
#DISPLAYBPM:135.000000;
#NOTES:
0000000000
0000000000
0000000000
0000000000
,
0000000000
0000000000
0000000000
0000000000
,
0000000000
0000000000
0000000000
0000000000
,
0000000000
0002002000
0000000000
0000000000
,
0000000000
0000000000
0000000000
0000000000
0000000000
0003003000
0000000000
0000000000
0000000000
0000000000
0000000000
0000000000
,
0000000000
0000001000
0001000000
0000100000
0010000000
0001000000
0000100000
0000010000
,
0001000000
0000001000
0000010000
0000000010
0000000100
0000020002
0000030003
0000000000
,
0000000000
0000000000
0000010000
0000000001
0000000100
0000000010
0000001000
0000000000
0000000100
0000000000
0000011000
0000000000
0001001000
0000000000
0001100000
0000000000
,
0000000000
0002000000
0003010000
0000200000
0000301000
0020000200
0030000300
0000000000
,
0000000000
0000000000
0001002000
0000000000
0000000000
0010003000
0000000000
0000000000
0002001000
0000000000
0000000000
0003000100
0000000000
0000000000
0001002000
0000000000
,
0000000000
0010003000
0000000000
0000000000
0000000000
0000000000
0000010000
0000000000
0001000000
0000000000
0000001000
0000000000
0001002000
0000000000
0000000000
0010003000
,
0000000000
0000000000
0002001000
0000000000
0000000000
0003000100
0000000000
0000000000
0001002000
0000000000
0010000000
0000000000
0000103000
0000000000
0000000000
0000000000
,
0000000000
0000000000
0001006000
0000000000
0000000000
0000000000
0010003000
0000000000
0000000000
0000000000
0002001000
0000000000
0000000000
0003000100
0000000000
0000000000
,
0001002000
0000000000
0000000000
0010003000
0000000000
0000000000
0000000000
0000000000
0000010000
0000000000
0001000000
0000000000
0000001000
0000000000
0001002000
0000000000
,
0000000000
0010003000
0000000000
0000000000
0002001000
0000000000
0000000000
0003000100
0000000000
0000000000
0001002000
0000000000
0010000000
0000000000
0000103000
0000000000
,
0000000000
0000002000
0000003000
0001000000
0000100000
0010000000
0000000000
0000000000
0000000000
0000000000
0006001000
0000000000
0000000000
0000000000
0003000100
0000000000
,
0000000000
0000000000
0001002000
0000000000
0000000000
0010003000
0000000000
0000000000
0000000000
0000000000
0000010000
0000000000
0001000000
0000000000
0000001000
0000000000
,
0001002000
0000000000
0000000000
0010003000
0000000000
0000000000
0002001000
0000000000
0000000000
0003000100
0000000000
0000000000
0001002000
0000000000
0010000000
0000000000
,
0000103000
0000000000
0000000000
0000002000
0000003000
0001000000
0000100000
0010000000
0001000000
0000100000
0000010000
0000002000
0000003000
0000000200
0000000300
0000000000
,
0000000000
000F006000
0000000000
0010003000
0000000000
0000000000
0000010000
0001000000
,
0000001000
0000000000
0001002000
0000000000
0000000000
0010003000
0000000000
0000000000
0002001000
0000000000
0000000000
0003000100
0000000000
0000000000
0001002000
0000000000
,
0010000000
0000000000
0000103000
0000000000
0000000000
0000002000
0000003000
0001000000
0000100000
0010000000
0001000000
0000100000
0000010000
0000002000
0000003000
0000000200
,
0000000300
0000020000
0000030000
0002000000
0000000000
0000000000
0003000000
0010000000
0000000000
0000000000
0000000000
0000000000
0000000000
0000000000
0000000000
0000000000
,
0000000000
0000000000
000F006000
0000000000
0000000000
0000000000
0010003000
0000000000
0000000000
0000000000
0002001000
0000000000
0000000000
0003000100
0000000000
0000000000
,
0001002000
0000000000
0010000000
0000000000
0000103000
0000000000
0000000000
0000002000
0000003000
0001000000
0000100000
0010000000
0001000000
0000100000
0000010000
0000002000
,
0000003000
0000000200
0000000300
0000020000
0000030000
0002000000
0000000000
0000000000
0003000000
0010000000
0000000000
0000000000
0000000000
0000000000
0000000000
0000000000
,
0000000000
0000000000
0000000000
0000000000
0000000000
0006001000
0000000000
0003000100
,
0000000000
0000000000
0001002000
0000000000
0010000000
0000000000
0000103000
0000000000
0000000000
0000002000
0000003000
0001000000
0000100000
0010000000
0001000000
0000100000
,
0000010000
0000002000
0000003000
0000000200
0000000300
0000020000
0000030000
0002000000
0000000000
0000000000
0003000000
0010000000
0000000000
0000000000
0000000000
0000000000
,
0000000000
0000000000
0000000000
0000000000
,
0000000000
0000000000
0001006000
0000000000
0010000000
0000000000
0000103000
0000000000
0000000000
0000000000
0000002000
0000003000
0001000000
0000100000
0010000000
0001000000
,
0000100000
0000010000
0000002000
0000003000
0000000200
0000000300
0000020000
0000030000
0002000000
0000000000
0000000000
0003000000
0010000000
0001000000
0000100000
0000010000
,
0000002000
0000000000
0000000000
0000003000
0000000100
0000001000
0000010000
0000100000
0002000000
0000000000
0000000000
0003000000
0010000000
0001000000
0000100000
0000000000
,
0000010000
0000001000
0000000010
0000000100
0000000001
0000010000
0000001000
0001000000
,
0000010000
0001010000
0000000000
0000000000
0000000000
0000010000
0001000000
0000100000
,
0010000000
0001000000
0100000000
0100100000
0000100000
0010000000
0000001000
0000101000
,
0000100000
0000001000
0001000000
0001010000
0000010000
0000001000
0000000010
0000010010
,
0000010000
0000000000
0000000010
0000000100
0000000002
0000000003
0000001000
0000000100
0000020000
0000030000
0001000000
0010000000
0000200000
0000300000
0100000000
0010000000
,
2000000000
3000000000
0000100000
0000000000
0100000000
0000000000
0001000000
0000000000
0010000000
0000000000
0012000000
0003000000
0000000000
0000000000
0000020100
0000030000
,
0000000000
0000000100
0000001000
0000001001
0000001000
0000000100
0000100000
0000101000
,
0000001000
0001000000
0000010000
0001010000
0001000000
0000100000
1000000000
1001000000
,
0001000000
0100000000
0000200000
0000000000
0000300000
0000100000
0001000000
0000001000
,
0000010000
0000000000
0000000000
0000000000
0000000100
0000002000
0000000000
0000000000
0000000000
0000000000
0000000000
0000000000
0000003000
0000000000
0000000000
0000000000
0000010000
0000000000
0010000000
0000000000
0000100000
0000000000
0010000000
0000000000
0001000000
0000000000
0010000000
0000000000
0000100000
0000000000
0010000000
0000000000
,
0001000000
0010000000
0000200000
0000000000
0000000000
0000300000
0100000000
0010000000
1000000000
0000000000
1001000000
0000000000
1001000000
0000000000
0000000000
0000000000
,
0000000000
0000000000
0000002000
0000000000
0000000000
0000003000
0000100000
0000001000
0001000000
0000000000
0001000100
0000000000
0001000100
0000000000
0000000000
0000000000
,
0000000000
0000000000
0000000002
0000000000
0000000000
0000000003
0000001000
0000000100
0000010000
0000000000
0000010010
0000000000
0000010010
0000000000
0000000000
0000000000
,
0000000000
0000000000
0000000001
0000000100
0000000020
0000000030
0000010000
0000000100
0000002000
0000003000
0000100000
0010000000
0000100000
0100000000
0010000000
1000000000
,
0000100000
0010000000
0001000000
0000000000
0001000000
0000000000
0001000000
0000000000
1000000000
0010000000
0100000000
0000000000
0100000000
0000000000
0100000000
0000000000
,
0001000000
0000000000
0000100000
0000000000
0000010000
0000000000
0000001000
0000000000
0000000100
0000000000
0000010000
0000000000
0000000100
0000001000
0000000010
0000000000
,
0000000100
0000000010
0000001000
0000000000
0000001000
0000000000
0000001000
0000000000
0000000001
0000000100
0000000010
0000000000
0000000010
0000000000
0000000010
0000000000
,
0000000000
0000020000
0000030100
0000200000
0000310000
0020000200
0030000300
0000000000
,
0000000000
0000000000
0001020000
0000000000
0000000000
0010030000
0000000000
0000000000
0000201000
0000000000
0000000000
0000300100
0000000000
0000000000
0001020000
0000000000
,
0000000000
0010030000
0000000000
0000000000
0000000000
0000000000
0000001000
0000000000
0000100000
0000000000
0000010000
0000000000
0001020000
0000000000
0000000000
0010030000
,
0000000000
0000000000
0000201000
0000000000
0000000000
0000300100
0000000000
0000000000
0000000000
0000000000
0000000000
0000000000
0000000000
0000000000
0000000000
0000000000
,
0000000000
0000000000
0001060000
0000000000
0000000000
0000000000
0010030000
0000000000
0000000000
0000000000
0000201000
0000000000
0000000000
0000300100
0000000000
0000000000
,
0001020000
0000000000
0000000000
0010030000
0000000000
0000000000
0000000000
0000000000
0000001000
0000000000
0000100000
0000000000
0000010000
0000000000
0001020000
0000000000
,
0000000000
0010030000
0000000000
0000000000
0000201000
0000000000
0000000000
0000300100
0000000000
0000000000
0001020000
0000000000
0010000000
0000000000
0000130000
0000000000
,
0000000000
0000200000
0000300000
0000010000
0000001000
0000000100
0000000000
0000000000
0000000000
0000000000
0000601000
0000000000
0000000000
0000000000
0000300100
0000000000
,
0000000000
0000000000
0001020000
0000000000
0000000000
0010030000
0000000000
0000000000
0000000000
0000000000
0000001000
0000000000
0000100000
0000000000
0000010000
0000000000
,
0001020000
0000000000
0000000000
0010030000
0000000000
0000000000
0000201000
0000000000
0000000000
0000300100
0000000000
0000000000
0001020000
0000000000
0010000000
0000000000
,
0000130000
0000000000
0000000000
0000200000
0000300000
0000010000
0000001000
0000000100
0000010000
0000001000
0001000000
0000200000
0000300000
0000000000
0000000000
0000000000
,
0000000000
0001060000
0000000000
0010030000
0000000000
0000000000
0000001000
0000100000
,
0000010000
0000000000
0001020000
0000000000
0000000000
0010030000
0000000000
0000000000
0000201000
0000000000
0000000000
0000300100
0000000000
0000000000
0001020000
0000000000
,
0010000000
0000000000
0000130000
0000000000
0000000000
0000200000
0000300000
0000010000
0000001000
0000000100
0000010000
0000001000
0001000000
0000200000
0000300000
0020000000
,
0030000000
0002000000
0003000000
0000020000
0000000000
0000000000
0000030000
0000000000
0000000000
0000000000
0000000000
0000000000
0000000000
0000000000
0000000000
0000000000
,
0000000000
0000000000
0001060000
0000000000
0000000000
0000000000
0010030000
0000000000
0000000000
0000000000
0000201000
0000000000
0000000000
0000300100
0000000000
0000000000
,
0001020000
0000000000
0010000000
0000000000
0000130000
0000000000
0000000000
0000200000
0000300000
0000010000
0000001000
0000000100
0000010000
0000001000
0001000000
0000200000
,
0000300000
0020000000
0030000000
0002000000
0003000000
0000020000
0000000000
0000000000
0000030000
0000000000
0000000000
0000000000
0000000000
0000000000
0000000000
0000000000
,
0000000000
0000000000
0000000000
0000000000
0000000000
0000601000
0000000000
0000300100
,
0000000000
0000000000
0001020000
0000000000
0010000000
0000000000
0000130000
0000000000
0000000000
0000200000
0000300000
0000010000
0000001000
0000000100
0000010000
0000001000
,
0001000000
0000200000
0000300000
0020000000
0030000000
0002000000
0003000000
0000020000
0000000000
0000000000
0000030000
0000000000
0000000000
0000000000
0000000000
0000000000
,
0000000000
0000000000
0000000000
0000000000
,
0000000000
0000000000
0001060000
0000000000
0010000000
0000000000
0000130000
0000000000
0000000000
0000000000
0000200000
0000300000
0000010000
0000001000
0000000100
0000010000
,
0000001000
0001000000
0000200000
0000300000
0020000000
0030000000
0002000000
0003000000
0000020000
0000000000
0000000000
0000030000
0000000100
0000010000
0000001000
0001000000
,
0000200000
0000000000
0000000000
0000300000
0010000000
0000100000
0001000000
0000001000
0000020000
0000000000
0000000000
0000030000
0000000100
0000010000
0000001000
0000000000
,
0001000000
0000100000
1000000000
0010000000
0100000000
0001000000
0000100000
0000010000
,
0001000000
0001010000
0000000000
0000000000
0000000000
0001000000
0000010000
0000001000
,
0000000100
0000010000
0000000001
0000001001
0000001000
0000000100
0000100000
0000101000
,
0000001000
0000100000
0000010000
0001010000
0001000000
0000100000
1000000000
1001000000
,
0001000000
0000000000
1000000000
0010000000
0200000000
0300000000
0000100000
0010000000
0002000000
0003000000
0000010000
0000000100
0000002000
0000003000
0000000001
0000000100
,
0000000020
0000000030
0000001000
0000000000
0000000001
0000000000
0000010000
0000000000
0000000100
0000000000
0000020100
0000030000
0000000000
0000000000
0012000000
0003000000
,
0000000000
0010000000
0000100000
0100100000
0000100000
0010000000
0000001000
0000101000
,
0000100000
0000010000
0001000000
0001010000
0000010000
0000001000
0000000010
0000010010
,
0000010000
0000000001
0000002000
0000000000
0000003000
0000001000
0000010000
0000100000
,
0001000000
0000000000
0000000000
0000000000
0010000000
0000200000
0000000000
0000000000
0000000000
0000000000
0000000000
0000000000
0000300000
0000000000
0000000000
0000000000
0001000000
0000000000
0000000100
0000000000
0000001000
0000000000
0000000100
0000000000
0000010000
0000000000
0000000100
0000000000
0000001000
0000000000
0000000100
0000000000
,
0000010000
0000000002
0000000200
0000000303
0000000000
0000000000
0000002200
0000003300
0000000000
0000000000
0000000100
0000010000
0000001000
0001000000
0000100000
0010000000
,
0001000000
0000000000
2020000000
3030000000
0000000000
0000000000
0022000000
0033000000
0000000000
0000000000
0010000000
0000100000
0001000000
0000001000
0000010000
0000000100
,
0000001000
0000000000
0000000202
0000000303
0000000000
0000000000
0000002200
0000003300
0000000000
0000000000
0000000100
0000001000
0000010000
0000100000
0001000000
0010000000
,
0000100000
0000000000
2000200000
0000000000
3000300000
0000000000
2000020000
0000000000
3000030000
0000000000
0010000000
0000010000
0000000000
0000100000
0000000000
0000000100
,
0000001000
0000000020
0000000200
0000000330
0000000000
0000000000
0000020200
0000030300
0000000000
0000000000
0000000100
0000001000
0000010000
0000100000
0001000000
0010000000
,
0000100000
0000000000
0220000000
0330000000
0000000000
0000000000
0020200000
0030300000
0000000000
0000000000
0010000000
0001000000
0000100000
0000010000
0000001000
0000000100
,
0000010000
0000000000
0000000202
0000000303
0000000000
0000000000
0000002200
0000003300
0000000000
0000000000
0000000100
0000010000
0000001000
0000100000
0000010000
0001000000
,
0000100000
0000000000
0000000000
0000000000
0010000000
0002000000
0000000000
0000000000
0000000000
0000000000
0000000000
0000000000
0003000000
0000000000
0000000000
0000000000
0000100000
0000000000
0000000100
0000000000
0000010000
0000000000
0000000100
0000000000
0000001000
0000000000
0000000100
0000000000
0000010000
0000000000
0000000100
0000000000
,
0000001000
0000000100
0000020000
0000000000
0000000000
0000030000
0000000010
0000000100
0000000001
0000000000
0000001001
0000000000
0000001001
0000000000
0000000000
0000000000
,
0000000000
0000000000
0002000000
0000000000
0000000000
0003000000
0000010000
0001000000
0000001000
0000000000
0010001000
0000000000
0010001000
0000000000
0000000000
0000000000
,
0000000000
0000000000
2000000000
0000000000
0000000000
3000000000
0001000000
0010000000
0000100000
0000000000
0100100000
0000000000
0100100000
0000000000
0000000000
0000000000
,
0000000000
0000000000
1000000000
0010000000
0200000000
0300000000
0000100000
0010000000
0002000000
0003000000
0000010000
0000000100
0000010000
0000000010
0000010000
0000001000
,
0001000000
0000100000
0020000000
0000000000
0000000000
0000000000
0000000000
0000000000
0000000000
0000000000
0000000000
0000000000
0000000000
0000000000
0000000000
0000000000
,
0000000000
0000000000
0000000000
0000000000
0000000000
0000000000
0000000000
0000000000
0000000000
0030000000
0000000000
0000000000
0000000000
0000000000
0000000000
0000000000
;
//---------------pump-single - s17 New----------------
#NOTEDATA:;
#CHARTNAME:;
#STEPSTYPE:pump-single;
#DESCRIPTION:s17 New;
#CHARTSTYLE:;
#DIFFICULTY:Edit;
#METER:17;
#RADARVALUES:0.901048,1.000000,0.700815,0.618902,0.755424,546.000000,77.000000,68.000000,0.000000,2.000000,0.000000,0.000000,0.000000,0.901048,1.000000,0.700815,0.618902,0.755424,546.000000,77.000000,68.000000,0.000000,2.000000,0.000000,0.000000,0.000000;
#CREDIT:;
#OFFSET:-0.281000;
#BPMS:0.000000=135.000000
,60.000000=100000000.000000
,75.000000=67.500000
,76.000000=135.000000
,106.000000=270.000000
,106.500000=135.000000
,107.750000=270.000000
,108.250000=135.000000
,170.500000=100000000.000000
,189.500000=67.500000
,190.500000=135.000000
,220.500000=270.000000
,221.000000=135.000000
,222.250000=270.000000
,222.750000=135.000000
,253.000000=270.000000
,253.500000=135.000000
,254.750000=270.000000
,255.250000=135.000000
,271.500000=270.000000
,275.500000=135.000000
,277.500000=140.000000
;
#STOPS:;
#DELAYS:;
#WARPS:;
#TIMESIGNATURES:0.000000=4=4
;
#TICKCOUNTS:0.000000=8
,60.000000=16
,76.000000=8
,106.000000=4
,106.500000=8
,107.750000=4
,108.250000=8
,170.500000=16
,190.500000=8
,220.500000=4
,221.000000=8
,222.250000=4
,222.750000=8
,253.000000=4
,253.500000=8
,254.750000=4
,255.250000=8
,271.500000=4
,275.500000=8
,277.500000=16
,277.625000=8
;
#COMBOS:0.000000=1
;
#SPEEDS:0.000000=1.000000=0.000000=0
,12.000000=0.100000=0.125000=0
,12.125000=1.000000=2.875000=0
,86.000000=0.850000=0.500000=0
,86.500000=1.000000=0.500000=0
,87.000000=0.850000=0.500000=0
,87.500000=1.000000=0.500000=0
,88.000000=0.850000=0.500000=0
,88.500000=1.000000=0.500000=0
,200.500000=0.800000=0.500000=0
,201.000000=1.000000=0.500000=0
,201.500000=0.800000=0.500000=0
,202.000000=1.000000=0.500000=0
,202.500000=0.800000=0.500000=0
,203.000000=1.000000=0.500000=0
,227.000000=0.850000=0.500000=0
,227.500000=1.000000=0.500000=0
,228.000000=0.850000=0.500000=0
,228.500000=1.000000=0.500000=0
,231.000000=0.800000=0.500000=0
,231.500000=1.000000=0.500000=0
,232.000000=0.800000=0.500000=0
,232.500000=1.000000=0.500000=0
,277.500000=999.000000=0.062500=0
,280.625000=1.000000=0.000000=0
;
#SCROLLS:0.000000=1.000000
,32.000000=0.000000
,32.250000=1.000000
,33.000000=0.000000
,33.250000=1.000000
,34.000000=0.000000
,34.250000=1.000000
,35.000000=0.000000
,35.250000=1.000000
,36.000000=0.000000
,36.250000=1.000000
,37.000000=0.000000
,37.250000=1.000000
,40.000000=0.000000
,40.250000=1.000000
,41.000000=0.000000
,41.250000=1.000000
,42.000000=0.000000
,42.250000=1.000000
,43.000000=0.000000
,43.250000=1.000000
,106.250000=0.000000
,106.500000=1.000000
,108.000000=0.000000
,108.250000=1.000000
,142.500000=0.000000
,142.750000=1.000000
,143.500000=0.000000
,143.750000=1.000000
,144.500000=0.000000
,144.750000=1.000000
,145.500000=0.000000
,145.750000=1.000000
,146.500000=0.000000
,146.750000=1.000000
,147.500000=0.000000
,147.750000=1.000000
,150.500000=0.000000
,150.750000=1.000000
,151.500000=0.000000
,151.750000=1.000000
,152.500000=0.000000
,152.750000=1.000000
,153.500000=0.000000
,153.750000=1.000000
,220.750000=0.000000
,221.000000=1.000000
,222.500000=0.000000
,222.750000=1.000000
,253.250000=0.000000
,253.500000=1.000000
,255.000000=0.000000
,255.250000=1.000000
,271.750000=0.000000
,272.000000=1.000000
,272.250000=0.000000
,272.500000=1.000000
,272.750000=0.000000
,273.000000=1.000000
,273.250000=0.000000
,273.500000=1.000000
,273.750000=0.000000
,274.000000=1.000000
,274.250000=0.000000
,274.500000=1.000000
,274.750000=0.000000
,275.000000=1.000000
,275.250000=0.000000
,275.500000=1.000000
;
#FAKES:;
#LABELS:0.000=Song Start;
#NOTES:
// measure 0
00000
00000
00000
00000
,  // measure 1
00000
00000
00000
00000
,  // measure 2
00000
00000
00000
00000
,  // measure 3
00000
00000
00000
00000
,  // measure 4
10001
00100
01000
00010
01010
00100
00001
10000
,  // measure 5
10020
00130
02001
03100
20020
00000
30030
00000
,  // measure 6
00001
01000
00100
10000
00010
00000
00100
00000
01001
00000
10010
00000
01001
00000
00000
00000
,  // measure 7
00020
00130
02000
03100
20002
00000
30003
00000
,  // measure 8
21000
30001
00012
10003
,  // measure 9
21000
00000
00000
00000
30001
00000
00000
00000
00000
00000
01000
00100
10000
00001
00100
00000
,  // measure 10
02010
13000
01020
00031
,  // measure 11
01010
00000
00100
00000
10001
00000
00000
00000
01000
00100
10000
01000
00100
00010
00001
00100
,  // measure 12
10000
00000
01000
00000
00100
00000
00002
00000
00000
00003
00100
10000
01000
00100
20000
00000
,  // measure 13
00000
30000
00100
00001
00010
00100
00002
00000
00000
00003
00100
10000
01000
00100
20000
30000
,  // measure 14
02000
03000
00200
00300
00002
00003
00020
00030
00200
00300
02000
03000
00020
00030
00100
00000
,  // measure 15
10001
00000
00000
00000
,  // measure 16
00000
00000
00000
00000
,  // measure 17
00000
00000
00000
00000
,  // measure 18
00000
00000
00000
00000
,  // measure 19
00010
00010
01000
01000
01001
00100
10010
01001
,  // measure 20
10000
00100
01001
10010
02100
03001
00120
10030
,  // measure 21
10010
00100
01001
00100
10020
01030
20010
31000
,  // measure 22
10020
01030
20010
31000
10010
00100
00001
01000
,  // measure 23
01001
00000
00000
00000
10110
00000
00000
00000
01000
00100
10000
00001
01000
00100
00010
00001
,  // measure 24
00100
00010
01000
00001
10000
01000
00100
00001
01000
00100
00010
00100
01000
00001
00100
00010
,  // measure 25
10000
01000
00100
00001
00010
00100
01000
00010
00100
00000
20002
00000
00000
00000
30003
00000
,  // measure 26
00001
00000
10000
00000
00100
00000
01000
00000
00020
00000
00130
00000
00000
00000
00000
01000
,  // measure 27
00000
00100
10000
00001
10000
00001
10000
00001
10000
00001
00100
00010
10000
00100
10000
00010
,  // measure 28
00100
00000
10010
00000
01001
00000
00000
00000
00000
00000
00100
00001
01000
00100
01000
00001
,  // measure 29
00100
00000
01001
00000
10010
00000
00000
00000
00000
00000
00100
10000
00010
00100
00010
10000
,  // measure 30
00100
00000
10010
00000
01001
00000
00000
00000
00000
00000
01000
00100
10000
00100
00010
00100
,  // measure 31
01000
00010
00100
01000
00100
00001
00010
00100
01000
00010
00100
00000
00001
00000
10000
00000
,  // measure 32
00010
00100
00001
00000
00100
00000
10000
00000
01000
00100
20000
00000
30010
00000
00002
00000
,  // measure 33
01003
00000
01010
00000
01000
00100
10000
00000
00010
00100
00001
00000
10000
00000
10001
00000
,  // measure 34
00001
00100
10010
00000
01001
00000
10010
00000
00000
00000
02000
00000
03100
00000
00020
00000
,  // measure 35
00130
00000
20002
00000
00000
30003
00000
00000
00000
00000
00012
00000
00000
00000
10003
00000
,  // measure 36
00000
21000
00000
30001
00000
00012
00000
10003
,  // measure 37
00000
00000
00000
00000
00010
00100
00001
10000
00100
00000
01020
00000
00000
00000
00031
00000
,  // measure 38
00000
02010
00000
13000
00000
01010
00100
10001
,  // measure 39
00000
00000
00010
00100
00001
00010
00100
01000
10000
00100
00001
00000
00010
00000
00100
00000
,  // measure 40
20000
00000
00000
30000
00100
00001
00010
00100
00002
00000
00000
00003
00100
10000
01000
00100
,  // measure 41
20000
00000
00000
30000
00100
00001
00010
00100
00002
00003
00020
00030
00200
00300
20000
30000
,  // measure 42
02000
03000
00200
00300
00020
00030
02000
03000
00100
00000
10001
00000
00000
00000
00000
00000
,  // measure 43
00000
00000
00000
00000
,  // measure 44
00000
00000
00000
00000
,  // measure 45
00000
00000
00000
00000
,  // measure 46
00000
00000
00000
00000
,  // measure 47
00000
00000
00000
00000
00000
01000
01000
00010
,  // measure 48
00010
10010
00100
01001
10010
00001
00100
10010
,  // measure 49
01001
00120
10030
02100
03001
01001
00100
10010
,  // measure 50
00100
02001
03010
01002
00013
02001
03010
01002
,  // measure 51
00013
01001
00100
10000
00010
10010
00000
01101
,  // measure 52
00000
00000
00010
00100
00001
10000
00010
00100
01000
10000
00100
01000
00010
10000
00001
00010
,  // measure 53
00100
10000
00010
00100
01000
00100
00010
10000
00100
01000
00001
00010
00100
10000
01000
00100
,  // measure 54
00010
01000
00100
00000
20002
00000
00000
00000
30003
00000
10000
00000
00001
00000
00100
00000
,  // measure 55
00010
00000
02000
00000
03100
00000
00000
00000
00000
00010
00000
00100
00001
10000
00001
10000
,  // measure 56
00001
10000
00001
10000
00010
00100
00001
10000
00100
01000
00010
00100
00001
00100
10000
00100
,  // measure 57
00001
00100
10000
00100
00001
00100
00010
01000
00100
10000
00001
00100
00010
00100
01000
00100
,  // measure 58
00010
00100
01000
00100
00010
00100
00001
10000
00100
01000
00010
00100
00001
00100
10000
01000
,  // measure 59
00100
10000
01000
00100
00010
01000
00100
00010
00100
01000
00010
00100
01000
00100
00010
01000
,  // measure 60
00100
10000
00002
00003
01000
00100
10000
00001
00100
00010
01000
00100
10000
00100
00001
00100
,  // measure 61
10000
01000
00100
00010
10000
00100
01000
00010
00100
00001
10000
00100
01000
00100
00010
00100
,  // measure 62
01000
10000
00100
00001
00010
00100
01000
00010
00100
01000
00100
00010
01000
10000
00100
00001
,  // measure 63
00010
00001
00100
00010
02000
00000
03100
00000
00000
00000
00000
00010
00000
00100
00001
10000
,  // measure 64
00001
10000
00001
10000
00001
10000
00100
01000
00010
00100
00010
01000
00100
00000
01001
00000
,  // measure 65
10010
00000
00000
00000
00000
00000
00100
00010
01000
00100
01000
00010
00100
00000
10010
00000
,  // measure 66
01001
00000
00000
00000
00000
00000
00100
10000
00001
00100
00001
10000
00100
00000
10010
00000
,  // measure 67
01001
00000
00000
00000
00000
00000
00010
00100
00001
00100
01000
00100
00010
01000
00100
00000
,  // measure 68
00010
00100
10000
01000
10000
00100
00020
00002
,  // measure 69
00000
00000
00000
00000
,  // measure 70
00000
00033
00000
00000
00000
00000
00000
00000
00000
00000
00000
00000
00000
00000
00000
00000
00000
00000
00000
00000
00000
00000
00000
00000
00000
00000
00000
00000
00000
00000
00000
00000
;

//---------------pump-double - DP 3 New----------------
#NOTEDATA:;
#CHARTNAME:Double Performance 3;
#STEPSTYPE:pump-double;
#DESCRIPTION:DP 3 New;
#CHARTSTYLE:;
#DIFFICULTY:Edit;
#METER:3;
#RADARVALUES:0.152125,0.119457,0.036406,0.227537,0.154725,88.000000,4.000000,25.000000,0.000000,0.000000,0.000000,0.000000,0.000000,0.152125,0.119457,0.036406,0.227537,0.154725,88.000000,4.000000,25.000000,0.000000,0.000000,0.000000,0.000000,0.000000;
#CREDIT:Z_AL;
#OFFSET:-0.281000;
#BPMS:0.000000=16.875000
;
#STOPS:;
#DELAYS:;
#WARPS:;
#TIMESIGNATURES:0.000000=4=4
;
#TICKCOUNTS:0.000000=16
;
#COMBOS:0.000000=1
;
#SPEEDS:0.000000=1.000000=0.000000=0
;
#SCROLLS:0.000000=8.000000
;
#FAKES:;
#LABELS:0.000000=Song Start
;
#NOTES:
// measure 0
0000000000
0000000000
0000000000
0000000000
0000000000
0000000000
0000000000
0000000000
0000000000
0000000000
0000000000
0000000000
0000000000
0000000000
0000000000
0000000000
0020000000
0030000000
0000000000
0000000000
0000000000
0000000000
0000000000
0000000000
2000000000
3000000000
0000000000
0000000000
0000200000
0000300000
0000000000
0000000000
,  // measure 1
1000000000
0000000000
0000100000
0000000000
0000000200
0000000300
0000000000
0000000000
0000000100
0000000000
0000000100
0000000000
0000000200
0000000300
0000000000
0000000000
0010000000
0000000000
0001000000
0000000000
0200000000
0300000000
0000000000
0000000000
0010000000
0000000000
0001000000
0000000000
0000001000
0000000000
0000000000
0000000000
,  // measure 2
0000100000
0000000000
0010000000
0000000000
0000010000
0000000000
0000000100
0000000000
0000000100
0000000000
0000100000
0000000000
0000010000
0000000000
0010000000
0000000000
0000020000
0000030000
0000000000
0000000000
0002000000
0003000000
0000000000
0000000000
0000000100
0000000000
0000000000
0000000000
0000000100
0000000000
0000000010
0000001000
,  // measure 3
0000000100
0000000000
0010000000
0000000000
0010000000
0000000000
0000000100
0000000000
0000100000
0000000000
0000010000
0000000000
0000220000
0000330000
0000000000
0000000000
0000110000
0000000000
0000000000
0000000000
0000000000
0000000000
0000000000
0000000000
0001001000
0000000000
0000000000
0000000000
0000000000
0000000000
0000000000
0000000000
,  // measure 4
0000000001
0000000000
0000010000
0000000000
0020000000
0030000000
0000000000
0000000000
0010000000
0000000000
0010000000
0000000000
0020000000
0030000000
0000000000
0000000000
0000000100
0000000000
0000001000
0000000000
0000000020
0000000030
0000000000
0000000000
0000000100
0000000000
0000001000
0000000000
0001000000
0000000000
0000000000
0000000000
,  // measure 5
0000010000
0000000000
0000000100
0000000000
0000100000
0000000000
0010000000
0000000000
0010000000
0000000000
0000010000
0000000000
0000100000
0000000000
0000000100
0000000000
0000200000
0000300000
0000000000
0000000000
0000002000
0000003000
0000000000
0000000000
0010000000
0000000000
0000000000
0000000000
0010000000
0000000000
0100000000
0001000000
,  // measure 6
0020000000
0000000000
0030000000
0000000000
0000010000
0000000000
0000000000
0000000000
0000200000
0000000000
0000300000
0000000000
0000000100
0000000000
0000000000
0000000000
0000020000
0000000000
0000030000
0000000000
0010000000
0000000000
0000000000
0000000000
0000000200
0000000000
0000000300
0000000000
0000000000
0000000000
0000000000
0000000000
0000002000
0000000000
0000003000
0000000000
0000000000
0000000000
0000000000
0000000000
0000002000
0000000000
0000003000
0000000000
0000000000
0000000000
0000000000
0000000000
0002000000
0000000000
0003000000
0000000000
0000000000
0000000000
0000000000
0000000000
0001000000
0000000000
0000000000
0002000000
0000000000
0003000000
0000000000
0000000000
,  // measure 7
0000100000
0000010000
0000000100
0000000000
0000010000
0000100000
0010000000
0000000000
0001000000
0000001000
0000000100
0000000000
0000002000
0000003000
0002000000
0003000000
0001001000
0000000000
0000000000
0000000000
0000000000
0000000000
0000000000
0000000000
0000000000
0000000000
0000000000
0000000000
0000000000
0000000000
0000000000
0000000000
;
