//---------------pump-single - s18----------------
#NOTEDATA:;
#CHARTNAME:;
#STEPSTYPE:pump-single;
#DESCRIPTION:s18;
#CHARTSTYLE:;
#DIFFICULTY:Edit;
#METER:18;
#RADARVALUES:0.990014,1.000000,0.705923,0.714532,0.792011,634.000000,82.000000,83.000000,0.000000,6.000000,0.000000,0.000000,0.000000,0.990014,1.000000,0.705923,0.714532,0.792011,634.000000,82.000000,83.000000,0.000000,6.000000,0.000000,0.000000,0.000000;
#CREDIT:Andamiro;
#OFFSET:
-0.021000
;
#BPMS:
0.000000=170.000000
;
#STOPS:;
#DELAYS:;
#WARPS:
;
#TIMESIGNATURES:0.000000=4=4
;
#TICKCOUNTS:0.000000=8
,74.000000=4
,79.000000=8
,90.000000=4
,95.000000=8
,114.000000=4
,120.000000=8
,160.000000=4
,184.000000=3
,188.000000=8
,220.000000=3
,224.000000=8
;
#COMBOS:0.000000=1
;
#SPEEDS:
0.000000=1.000000=0.000000=0
;
#SCROLLS:
0.000000=1.000000
;
#FAKES:;
#LABELS:0.000=Song Start;
#NOTES:
00000
00000
00000
00000
,
00000
00000
00000
00000
,
00000
00000
00000
00000
,
00000
00000
00000
00000
,
20000
30010
00000
00002
01003
00000
20000
30010
,
00002
01003
00000
20000
30010
00000
00002
01003
,
00020
10030
00000
02000
03001
00000
00020
10030
,
02000
00000
03001
00000
00000
00000
00020
00000
10030
00000
00010
00100
00001
00000
00100
00010
,
01000
00100
01100
00000
00001
00100
00101
10000
,
00020
00130
02000
03100
00002
00103
20000
30100
,
00010
00000
00010
00100
00001
00000
00001
00100
00010
00000
01000
00000
00100
00000
10000
00000
,
00001
00000
10001
00000
00010
01000
00100
10000
,
00001
00100
00101
00001
10000
00100
10100
00010
,
02000
03100
00002
00103
20000
30100
00020
00130
,
02000
03000
00020
00030
20000
30000
00002
00003
02000
03000
20000
30000
00020
00030
00002
00003
,
00100
00000
00100
00000
00010
00000
01000
00000
00100
00000
10000
00000
00001
00100
00001
00100
,
00010
00000
00000
00110
00000
00000
20010
00000
00000
00000
30100
00000
10000
00100
10000
00100
,
01000
00000
00000
01100
00000
00000
01002
00000
00000
00000
00103
00000
00001
00100
00001
00100
,
00010
00000
00000
00110
00000
00000
10010
00000
00000
00000
00100
00000
00000
00000
01001
00000
,
00000
00000
00100
00000
00000
00000
01010
00000
00000
00000
10001
00000
01000
00100
01000
00100
,
10000
00000
00000
10100
00000
00000
10020
00000
00000
00000
00130
00000
00010
00100
00010
00100
,
00001
00000
00000
00101
00000
00000
02001
00000
00000
00000
03100
00000
01000
00100
01000
00100
,
10000
00000
00000
10100
00000
00000
10010
00000
00000
00000
00100
00000
00000
00000
01001
00000
,
00000
00000
00100
00000
00000
00000
01010
00000
00000
00000
10001
00000
00001
10000
00001
10000
,
00200
00300
02000
03000
00020
00030
00200
00300
00002
00003
20000
30000
00200
00300
02000
03000
,
00020
00030
20000
30000
02000
03000
00002
00003
00200
00300
20000
30000
00002
00003
00020
00030
,
00200
00300
02000
03000
00020
00030
00200
00300
00002
00003
20000
30000
00200
00300
02000
03000
,
20000
30000
00020
00030
00200
00300
02000
03000
00020
00030
00200
00300
00001
10000
00100
01000
,
00010
00000
00000
01010
00000
00000
00100
00000
00000
00000
10001
00000
00000
00000
10010
00000
,
00000
00100
00000
01001
00000
00100
00000
01010
,
00010
00100
00010
00000
00100
00010
00100
00000
00010
00100
00010
00000
00100
00010
00100
00000
,
00010
00100
00010
00100
00010
00000
01000
00100
01000
00100
01000
00000
00010
01000
00010
01000
,
00100
10010
00100
01001
,
01000
00100
01000
00100
10000
00100
01000
00010
00100
00000
00001
00000
20000
00000
30000
00000
,
00100
01001
00100
10010
,
00010
00100
00010
00100
00001
00100
00010
01000
00100
00000
10000
00000
00002
00000
00003
00000
,
02001
03100
10020
00130
,
00010
00100
00001
00010
00100
01000
00100
10000
00001
00000
00100
00000
00010
00000
00000
00000
,
10010
01010
01001
10001
,
01000
00100
01000
00100
01000
00100
01000
00100
01000
00100
01000
00100
01000
00100
01000
00100
,
20000
00000
00000
00000
,
00000
00000
00000
00000
,
00100
00000
00000
00000
,
00100
00000
00000
00000
,
00100
00000
00000
00000
,
00100
00000
00000
00000
00000
00000
30100
10000
,
00001
00000
00001
00000
00001
00000
00100
00001
10000
00100
10000
00001
,
00100
00010
00100
00000
00010
00100
00010
00000
00100
00000
00010
00100
00010
00100
00010
00100
,
00010
01000
00010
01000
00010
01000
00010
01000
00010
01000
00010
01000
00010
01000
00010
01000
,
00100
01000
00100
01000
00100
01000
00100
01000
00100
01000
00100
01000
00100
01000
00100
01000
,
00100
10000
00100
10000
00100
10000
00100
10000
00100
10000
00100
10000
00100
10000
00100
10000
,
00001
10000
00001
10000
00001
10000
00001
10000
00001
10000
00001
10000
00001
10000
00001
10000
,
00200
00300
02000
00000
03010
00000
00000
00000
00000
00000
00000
00000
01000
00000
00100
00000
,
20000
30000
00010
00100
00002
00003
01000
00100
10000
01000
00100
00010
01000
00100
10000
00010
,
00100
00001
00010
00100
01000
00100
10000
00001
00100
00010
00100
01000
10000
00100
01000
00010
,
00100
00000
20002
00000
00000
00000
00000
00000
00000
30003
00000
00000
,
00100
01001
00100
10010
,
00010
00100
00010
00100
00001
00100
00010
01000
00100
00000
10000
00000
00002
00000
00003
00000
,
00100
10010
00100
01001
,
01000
00100
01000
00100
10000
00100
01000
00010
00100
00000
00001
00000
20000
00000
30000
00000
,
10020
00130
02001
03100
,
01000
00100
10000
01000
00100
00010
00100
00001
10000
00000
00100
00000
02000
00000
03000
00000
,
01001
01010
10010
10001
,
00010
00100
00010
00100
00010
00100
00010
00100
00010
00100
00010
00100
00010
00100
00010
00100
,
00002
00003
00100
00010
01000
00000
01110
00000
,
20000
30000
00100
01000
00010
00000
01110
00000
,
10010
00100
01001
00100
,
10110
01101
10110
01101
,
10010
00100
01001
00100
10010
00100
10010
00100
,
01001
00100
10010
00100
01001
00100
01001
00100
,
01010
00100
10001
00100
11000
00100
00011
00100
,
10010
00000
01001
00000
10010
00000
01001
00000
10010
00000
00100
00001
01000
00000
00100
10000
,
00010
00100
00001
00010
00100
01000
00100
20000
30010
00000
00000
00000
10010
00000
00000
00000
,
01000
00100
10000
01000
00100
00010
00100
00002
01003
00000
00000
00000
01001
00000
00000
00000
,
00010
00100
00001
00010
00100
01000
00100
20000
30010
00000
00000
00000
10010
00000
00000
00000
,
01010
00000
00000
00000
01001
00000
00000
00000
10001
00000
00001
10000
00001
10000
00001
10000
,
00100
01000
00010
00100
00001
00100
00010
01000
00100
10000
00010
00100
00001
10000
00100
01000
,
00010
00100
00001
00100
00010
01000
00100
10000
00010
00100
00001
10000
00100
01000
00100
10000
,
00010
00100
00001
00100
00010
01000
00100
10000
00001
00100
00010
01000
00100
01000
00010
00100
,
00001
00010
00100
01000
00100
10000
00001
00100
00010
00100
01000
10000
00001
00010
00100
02000
,
00000
03000
00000
00000
00000
00000
00000
00000
00000
00000
00000
00000
00000
00000
00000
00000
,
00000
00000
00000
00000
00011
11000
00000
00000
;