#VERSION:0.81;
#TITLE:Milky Way Galaxy;
#SUBTITLE:;
#ARTIST:3R2;
#TITLETRANSLIT:;
#SUBTITLETRANSLIT:;
#ARTISTTRANSLIT:;
#GENRE:WORLD MUSIC;
#ORIGIN:;
#CREDIT:Andamiro;
#BANNER:1460.png;
#BACKGROUND:1460-wide.png;
#PREVIEWVID:1460_P.mpg;
#JACKET:;
#CDIMAGE:;
#DISCIMAGE:1460-wide.png;
#LYRICSPATH:;
#CDTITLE:;
#MUSIC:1460.mp3;
#OFFSET:-0.019000;
#SAMPLESTART:16.455696;
#SAMPLELENGTH:12.000000;
#SELECTABLE:YES;
#SONGTYPE:ARCADE;
#SONGCATEGORY:WORLD MUSIC;
#VOLUME:60;
#BPMS:0.000=175.000;
#STOPS:;
#DELAYS:;
#WARPS:;
#TIMESIGNATURES:0.000=4=4;
#TICKCOUNTS:0.000=4;
#COMBOS:0.000=1;
#SPEEDS:0.000=1.000=0.000=0;
#SCROLLS:0.000=1.000;
#FAKES:;
#LABELS:0.000=Song Start;
#LASTSECONDHINT:97.764290;
#BGCHANGES:-10000.000=black.mpg=1.000=1=0=1===CrossFade==,
-0.300=1460.mpg=1.000=1=0=0=StretchNoLoop==CrossFade==,
99999=-nosongbg-=1.000=0=0=0 // don't automatically add -songbackground-
;
#KEYSOUNDS:;
#ATTACKS:
;
//---------------pump-single - s6----------------
#NOTEDATA:;
#CHARTNAME:;
#STEPSTYPE:pump-single;
#DESCRIPTION:s6;
#CHARTSTYLE:;
#DIFFICULTY:Edit;
#METER:6;
#RADARVALUES:0.435107,0.535143,0.217553,0.134676,0.000000,260.000000,21.000000,13.000000,0.000000,0.000000,0.000000,0.000000,0.000000,0.435107,0.535143,0.217553,0.134676,0.000000,260.000000,21.000000,13.000000,0.000000,0.000000,0.000000,0.000000,0.000000;
#CREDIT:Andamiro;
#OFFSET:-0.019000;
#BPMS:0.000000=175.000000
;
#STOPS:;
#DELAYS:;
#WARPS:;
#TIMESIGNATURES:0.000000=4=4
;
#TICKCOUNTS:0.000000=4
;
#COMBOS:0.000000=1
;
#SPEEDS:0.000000=1.000000=0.000000=0
;
#SCROLLS:0.000000=1.000000
;
#FAKES:;
#LABELS:0.000=Song Start;
#NOTES:
00000
00000
00000
00000
,
00000
00000
00000
00000
,
01000
00000
00010
00000
01000
00010
01000
00010
,
02020
00000
00000
00000
00000
00000
00000
00000
00000
00000
00000
03030
00000
00000
00000
00000
,
01000
00000
00100
00000
01000
00100
01000
00000
,
00010
00000
00100
00000
00010
00100
00010
00000
,
10000
00000
00100
00000
10000
00100
10000
00000
,
00001
00000
00100
00000
00001
00100
00001
00000
,
01000
00000
00100
00000
10000
00010
00100
00000
,
00001
00000
00100
00000
00010
10000
00100
00000
,
01000
00010
01000
00010
,
01010
00000
00000
00000
,
10000
10000
00001
00001
,
00100
00100
00010
00010
,
01000
01000
00100
00100
,
10000
10000
00001
00001
,
00100
00100
00001
00001
,
10000
10000
00100
00100
,
01000
01000
00010
00010
,
00100
00100
00001
00001
,
00100
00000
00101
00000
00100
00001
01000
00100
,
10000
00000
10100
00000
00100
10000
00010
00100
,
00001
00000
00101
00000
00100
00001
01000
00100
,
10000
00001
00100
00001
10000
00100
01000
00010
,
00100
00000
00110
00000
00100
00010
10000
00100
,
01000
00000
01100
00000
00100
01000
00001
00100
,
00010
00110
01000
01100
,
01010
01010
01001
10010
,
00200
00300
00000
00000
,
00000
00000
00000
00000
,
00000
00000
00000
00000
,
00000
00000
00000
00000
,
00100
00000
00000
00000
,
00100
00000
00000
00000
,
00200
00000
00000
00000
00000
00000
00000
00300
,
00000
00000
00000
00000
,
10000
00000
10000
00000
,
10000
00000
10000
00100
,
00001
00000
00001
00000
,
00001
00000
00001
00100
,
01000
00000
01000
00000
,
01000
00000
01000
00100
,
00010
00000
00010
00000
,
00010
00000
00010
00100
,
10000
00000
10000
10000
,
00001
00000
00001
00001
,
01000
00000
01000
01000
,
00010
00000
00010
00010
,
20000
30100
00002
00103
,
02000
03100
00020
00130
,
10000
00100
10000
00100
01000
00010
00100
00002
,
20000
00000
00000
00000
00000
30003
00000
00000
,
00001
10000
00100
00100
,
10000
00000
00001
00000
00100
00010
01000
00100
,
10000
00001
00100
00100
,
00001
00000
10000
00000
00100
01000
00010
00100
,
00010
01000
00100
00100
,
01000
00000
00010
00000
00100
00001
10000
00100
,
01000
00010
00100
00100
,
00010
00000
01000
00000
00100
10000
00001
00100
,
00010
00000
00110
00000
00010
00100
00010
01000
,
00100
00000
01100
00000
01000
00100
01000
00001
,
00100
00000
00101
00000
00001
00100
00001
10000
,
00100
00000
10100
00000
10000
00100
10000
00010
,
00100
00000
00110
00000
00010
00100
00001
01000
,
00100
00000
01100
00000
01000
00100
10000
00010
,
00100
00000
00110
00000
00010
01000
00100
10000
,
00002
00000
00000
00003
00000
10000
00100
01000
,
02020
00000
00000
00000
00000
00000
00000
03030
;
//---------------pump-single - s11----------------
#NOTEDATA:;
#CHARTNAME:;
#STEPSTYPE:pump-single;
#DESCRIPTION:s11;
#CHARTSTYLE:;
#DIFFICULTY:Edit;
#METER:11;
#RADARVALUES:0.615662,0.714818,0.176115,0.580143,0.139856,343.000000,17.000000,56.000000,0.000000,0.000000,0.000000,0.000000,0.000000,0.615662,0.714818,0.176115,0.580143,0.139856,343.000000,17.000000,56.000000,0.000000,0.000000,0.000000,0.000000,0.000000;
#CREDIT:Andamiro;
#OFFSET:-0.019000;
#BPMS:0.000000=175.000000
;
#STOPS:;
#DELAYS:;
#WARPS:;
#TIMESIGNATURES:0.000000=4=4
;
#TICKCOUNTS:0.000000=4
;
#COMBOS:0.000000=1
;
#SPEEDS:0.000000=1.000000=0.000000=0
;
#SCROLLS:0.000000=1.000000
,44.000000=0.000000
,45.000000=1.000000
,268.000000=0.000000
,269.000000=1.000000
;
#FAKES:;
#LABELS:0.000=Song Start;
#NOTES:
00000
00000
00000
00000
,
00000
00000
00000
00000
,
00000
00000
00000
00000
,
20002
00000
00000
30003
,
00001
00100
00010
01000
00000
01100
00000
01001
,
00000
00000
00000
00000
01000
00010
00100
00001
,
10000
00100
01000
00010
00000
00110
00000
10010
,
00000
00000
00000
00000
00010
01000
00100
10000
,
00001
00100
00010
00100
00001
00100
00010
01000
,
00100
10000
00100
01000
00100
10000
00100
01000
,
00020
00130
20000
30100
,
01001
00000
00000
00000
00000
02002
00000
00000
00000
00000
00000
00000
03003
00000
00000
00000
,
02000
03000
00000
00020
00030
00000
02000
03000
00000
00200
00300
00000
01000
00000
00010
00000
,
00200
00300
00000
00002
00003
00000
20000
30000
00000
00002
00003
00000
00100
00000
00010
00000
,
02000
03000
00000
00200
00300
00000
20000
30000
00000
00002
00003
00000
00100
00000
00001
00000
,
20000
30000
00000
00200
00300
00000
02000
03000
00000
00020
00030
00000
00100
00000
00001
00000
,
00020
00030
00000
00200
00300
00000
02000
03000
00000
00020
00030
00000
01000
00000
00100
00000
,
20000
30000
00000
02000
03000
00000
00200
00300
00000
00020
00030
00000
01000
00000
00100
00000
,
20000
30000
00000
00002
00003
00000
00020
00030
00000
00002
00003
00000
00100
00000
00010
00000
,
02000
03000
00000
00200
00300
00000
20000
30000
00000
02000
03000
00000
10000
00000
00100
00000
,
01000
00000
01100
00000
00100
01000
00001
00100
,
00010
00000
00110
00000
00100
00010
10000
00100
,
01000
00000
01001
00000
00001
01000
00100
10000
,
01000
00100
00010
00001
00010
00100
01000
10000
,
00100
00000
10100
00000
00100
01000
00010
00100
,
00001
00000
00101
00000
00100
00010
01000
00100
,
10000
00000
10010
00000
00010
10000
00100
01000
,
00002
00003
02000
03000
00020
00030
20000
00000
,
30001
00000
00000
00000
,
00000
00000
00000
00000
,
00000
00000
00000
00000
,
00000
00000
00000
00000
,
10000
00000
00010
00000
,
01000
00000
00001
00100
,
00020
00000
00000
02000
00000
00000
00000
00000
,
03030
00010
01000
00100
,
20000
00100
00000
00100
00000
00100
00000
00100
,
00000
00100
00000
30100
00002
00100
00000
00103
,
02000
00100
00000
00100
00000
00100
00000
00100
,
00000
00100
00000
03100
00020
00100
00000
00130
,
20000
00100
00000
00100
00000
00100
00000
00100
,
00000
00100
00000
30100
00002
00100
00000
00103
,
02000
00100
00000
00100
00000
00100
00000
00100
,
00000
00100
00000
03100
00020
00100
00000
00130
,
10000
10000
10000
10000
,
00001
00001
00001
00001
,
01001
01000
01000
01000
,
00010
00010
00010
00010
,
10010
00100
00100
00100
,
01001
00100
00100
00100
,
00010
10000
01000
00100
00010
01000
00001
00100
,
00020
00000
00000
00000
01030
00000
00000
00000
00010
01000
00010
01000
00010
00000
00000
00000
,
01000
00000
00000
01000
00000
00000
01000
00000
00100
00000
10000
00000
00001
00000
00100
00000
,
00010
00000
00000
00010
00000
00000
00010
00000
00100
00000
00001
00000
01000
00000
00100
00000
,
10000
00000
00000
10000
00000
00000
10000
00000
00100
00000
01000
00000
00010
00000
00100
00000
,
00001
00000
00000
00001
00000
00000
00001
00000
00100
00000
00010
00000
10000
00000
00100
00000
,
01000
00000
00000
01000
00000
00000
01000
00000
00100
00000
10000
00000
01000
00000
00100
00000
,
00010
00000
00000
00010
00000
00000
00010
00000
00100
00000
00001
00000
00010
00000
00100
00000
,
10000
00000
00000
10000
00000
00000
10000
00000
00100
00000
01000
00000
10000
00000
00100
00000
,
00001
00000
00000
00001
00000
00000
00001
00000
00100
00000
00010
00000
00001
00000
00100
00000
,
01000
00010
00100
00001
10000
00100
10000
00001
,
00010
00001
00100
00010
00001
00010
00100
00001
,
01000
00100
00010
00100
01000
00010
00100
01000
,
00001
01000
10000
00100
01000
10000
00010
00100
,
01000
00001
01000
00001
00100
00010
00001
00100
,
10000
00010
10000
00010
00100
00001
00010
00100
,
01000
00010
01000
00010
10000
00001
10000
00001
,
00200
00000
00300
00000
,
02020
00000
00000
00000
,
03030
00000
00000
00000
;
//---------------pump-single - s17----------------
#NOTEDATA:;
#CHARTNAME:;
#STEPSTYPE:pump-single;
#DESCRIPTION:s17;
#CHARTSTYLE:;
#DIFFICULTY:Edit;
#METER:17;
#RADARVALUES:0.927932,1.000000,0.424747,0.549064,0.844315,532.000000,41.000000,53.000000,0.000000,1.000000,0.000000,0.000000,0.000000,0.927932,1.000000,0.424747,0.549064,0.844315,532.000000,41.000000,53.000000,0.000000,1.000000,0.000000,0.000000,0.000000;
#CREDIT:Andamiro;
#OFFSET:-0.019000;
#BPMS:0.000000=175.000000
,112.000000=87.500000
,128.000000=175.000000
,252.000000=700.000000
,256.000000=175.000000
,257.500000=700.000000
;
#STOPS:;
#DELAYS:;
#WARPS:;
#TIMESIGNATURES:0.000000=4=4
;
#TICKCOUNTS:0.000000=8
,112.000000=16
,128.000000=8
,252.000000=2
,256.000000=8
,257.500000=2
;
#COMBOS:0.000000=1
;
#SPEEDS:0.000000=1.000000=0.000000=0
,252.000000=0.250000=4.000000=0
;
#SCROLLS:0.000000=1.000000
;
#FAKES:;
#LABELS:0.000=Song Start;
#NOTES:
// measure 0
00000
00000
00000
00000
,  // measure 1
00000
00000
00000
00000
,  // measure 2
00000
00000
00000
00000
,  // measure 3
20002
00000
00000
30003
,  // measure 4
00001
00100
00010
01000
00000
01100
00000
01001
,  // measure 5
00000
00000
00000
00000
00000
00000
00000
00000
00001
00100
00001
00100
00001
00000
00000
00000
,  // measure 6
10000
00100
01000
00010
00000
00110
00000
10010
,  // measure 7
00000
00000
00000
00000
00000
00000
00000
00000
00002
00003
20000
30000
00200
00300
02000
03000
,  // measure 8
00010
00100
00001
00100
00010
00100
00001
00100
,  // measure 9
00010
01000
00100
10000
00100
01000
00100
10000
,  // measure 10
00100
01000
00100
01000
00100
01000
00100
01000
00001
00100
00001
00100
00001
00100
00001
00100
,  // measure 11
00020
00000
00000
00030
,  // measure 12
10010
00000
00000
00100
00000
00000
01000
00000
00010
00100
00000
00000
00001
00000
01000
00000
,  // measure 13
01001
00000
00000
00100
00000
00000
00010
00000
01000
00100
00000
00000
10000
00000
00010
00000
,  // measure 14
00110
00000
00000
00001
00000
00000
00100
00000
00010
01000
00000
00000
00100
00000
10000
00000
,  // measure 15
10100
00000
00000
01000
00000
00000
00010
00000
00100
00001
00000
00000
10000
00000
00010
00000
,  // measure 16
00110
00000
00000
00100
00001
00000
00010
00000
00001
00100
00000
00000
10100
00000
00010
00000
,  // measure 17
01000
00000
00000
00100
10000
00000
01000
00000
10000
00100
00000
00000
00101
00000
10000
00000
,  // measure 18
00100
00000
00000
01000
00001
00000
00100
00000
10000
01000
00000
00000
01100
00000
00001
00000
,  // measure 19
00100
00000
00000
00010
10000
00000
00100
00000
00001
00010
00000
00000
00110
00000
10000
00000
,  // measure 20
00001
00000
00000
01000
00010
00000
00100
00000
00001
01000
00100
00000
20000
30000
02000
03000
,  // measure 21
00100
00000
00000
01000
10000
00000
00100
00000
01000
00100
10000
00000
00020
00030
00200
00300
,  // measure 22
00001
00000
00000
00010
00001
00000
00100
00000
00010
00100
00001
00000
02000
03000
00200
00300
,  // measure 23
20000
30000
02000
03000
00200
00300
00020
00030
02000
03000
00200
00300
00020
00030
00002
00003
,  // measure 24
00100
00000
00001
00010
00001
00000
01000
00000
00100
10000
00010
10000
00200
00300
02000
03000
,  // measure 25
00010
00000
10000
01000
10000
00000
00100
00000
01000
00001
00100
00001
02000
03000
00200
00300
,  // measure 26
10000
00001
10000
00001
00100
00001
00100
00001
10000
00001
10000
00001
10000
00100
10000
00100
,  // measure 27
02000
00000
00000
03000
00020
00000
00000
00030
00100
00000
00001
00000
10001
00000
00000
00000
,  // measure 28
10101
00000
00000
00000
00000
00000
00000
00000
00000
00000
00000
00000
00000
00000
00000
00000
01000
00000
00000
00000
00000
00000
00000
00000
00000
00000
00000
00000
00000
00000
00000
00100
00010
00000
00000
00000
00000
00000
00000
00000
01000
00000
00000
00000
00000
00000
00000
00000
00100
00000
00000
00000
00000
00000
00000
00000
10000
00000
00000
00000
00000
00000
00000
00000
,  // measure 29
00001
00000
00000
10001
00000
00000
01000
00000
00010
10000
00000
10100
00000
01001
00000
00000
,  // measure 30
10010
00000
00000
00000
00000
00000
00000
00000
00000
00000
00000
00000
00000
00000
00000
00000
00001
00000
00000
00000
00000
00000
00000
00000
00000
00000
00000
00000
00000
00000
00000
00100
01000
00000
00000
00000
00000
00000
00000
00000
00000
00000
00000
00000
00010
00000
00000
00000
00100
00000
00000
00000
00000
00000
00000
00000
00001
00000
00000
00000
00000
00000
00000
00000
,  // measure 31
10000
00000
00000
10001
00000
00000
00000
00000
00000
00000
00000
00000
00000
00000
00000
00000
,  // measure 32
10100
00001
00000
00001
00000
00001
00000
00001
,  // measure 33
00000
00001
00000
00001
00000
01000
00000
01000
,  // measure 34
00000
00010
00000
00010
00000
00010
00000
00010
,  // measure 35
00000
00010
00000
00010
00000
00010
00000
00010
,  // measure 36
00000
10000
00100
10000
00001
10000
00100
10000
,  // measure 37
00001
00000
10000
00000
00100
00000
10000
00000
00001
00000
00202
00303
00000
00000
00202
00303
,  // measure 38
00000
01000
00100
01000
00010
01000
00100
01000
,  // measure 39
00010
00000
01000
00000
00100
00000
01000
00000
00010
00000
00220
00330
00000
00000
01000
00000
,  // measure 40
01010
00000
00100
00000
10000
00000
00001
00000
10000
00000
00001
00100
00001
00000
10000
00100
,  // measure 41
10000
00000
00001
00000
00100
00000
00001
00000
10000
00000
00100
10000
00001
00000
00100
00002
,  // measure 42
10003
00000
00100
00000
01000
00000
00010
00000
01000
00000
00010
00100
00010
00000
01000
00100
,  // measure 43
01000
00000
00010
00000
00100
00000
00010
00000
01000
00000
00100
01000
00010
00000
00100
00020
,  // measure 44
01030
00000
00010
00000
10000
00000
00010
01000
00010
00000
10000
00010
01000
00000
00100
02000
,  // measure 45
03010
00000
01000
00000
00001
00000
01000
00010
01000
00000
00001
01000
00010
00000
01000
00002
,  // measure 46
00103
00000
00100
00000
00100
00000
00100
00000
00001
10000
00100
01000
00010
00100
00001
10000
,  // measure 47
00200
00000
00000
01300
,  // measure 48
01010
00000
00000
01100
00000
00000
00001
00100
00010
10000
00100
01000
00001
01000
00010
00100
,  // measure 49
00010
00000
00000
00110
00000
00000
10000
00100
01000
00010
00100
00001
10000
00010
00100
00001
,  // measure 50
01000
00000
00000
01100
00000
00000
00100
10000
00100
10000
00001
00100
00010
01000
00100
10000
,  // measure 51
00010
00000
00000
00110
00000
00000
00100
00001
00100
00001
10000
00100
01000
00010
00100
00001
,  // measure 52
10000
00000
00000
10010
00000
00000
10000
00010
00100
00001
00100
00001
00010
00100
01000
00010
,  // measure 53
00100
00000
00000
10100
00000
00000
00100
10000
00100
01000
10000
01000
00100
10000
00010
00100
,  // measure 54
00001
00000
00000
01001
00000
00000
00001
01000
00100
10000
00100
10000
01000
00100
00010
01000
,  // measure 55
00100
00000
00000
10010
00000
00000
01001
00000
00001
00010
00100
01000
10000
01000
00100
00010
,  // measure 56
00001
00000
00100
00020
00000
00030
00100
00001
01000
00001
10000
00100
10000
00010
01000
00100
,  // measure 57
10000
00000
00100
02000
00000
03000
00001
00100
00010
10000
00010
01000
00001
01000
00100
10000
,  // measure 58
00010
00000
00100
02000
00000
03000
10000
00100
01000
10000
01000
10000
01000
00100
10000
00001
,  // measure 59
01000
00000
00100
00020
00000
00030
00001
00100
00010
00001
00010
00001
00010
00100
00001
10000
,  // measure 60
20020
30030
00000
00202
00303
00000
00001
00100
00010
00001
00100
10000
00001
00100
10000
01000
,  // measure 61
02002
03003
00000
20200
30300
00000
10000
00100
01000
10000
00100
00001
10000
00100
00001
00010
,  // measure 62
00100
00001
10000
00100
01000
00010
01000
00100
10000
01000
00100
00010
00001
00010
00100
01000
,  // measure 63
20000
00000
00000
00000
,  // measure 64
00000
00000
00000
00000
00000
30000
01000
00000
00000
00000
00100
00000
00000
00000
00010
00000
,  // measure 65
00000
01000
00000
00100
00000
00010
00000
00022
,  // measure 66
00000
00000
00000
00000
,  // measure 67
00000
00000
00000
00000
,  // measure 68
00000
00000
00000
00000
,  // measure 69
00000
00000
00000
00000
,  // measure 70
00000
00000
00000
00000
,  // measure 71
00000
00000
00000
00000
00000
00000
00000
00033
;
//---------------pump-double - d11----------------
#NOTEDATA:;
#CHARTNAME:;
#STEPSTYPE:pump-double;
#DESCRIPTION:d11;
#CHARTSTYLE:;
#DIFFICULTY:Edit;
#METER:11;
#RADARVALUES:0.660060,0.571337,0.113957,0.124316,0.000000,423.000000,11.000000,12.000000,0.000000,0.000000,0.000000,0.000000,0.000000,0.660060,0.571337,0.113957,0.124316,0.000000,423.000000,11.000000,12.000000,0.000000,0.000000,0.000000,0.000000,0.000000;
#CREDIT:Andamiro;
#OFFSET:-0.019000;
#BPMS:0.000000=175.000000
;
#STOPS:;
#DELAYS:;
#WARPS:;
#TIMESIGNATURES:0.000000=4=4
;
#TICKCOUNTS:0.000000=4
,108.250000=0
,110.000000=4
;
#COMBOS:0.000000=1
;
#SPEEDS:0.000000=1.000000=0.000000=0
;
#SCROLLS:0.000000=1.000000
;
#FAKES:;
#LABELS:0.000=Song Start;
#NOTES:
0000000000
0000000000
0000000000
0000000000
,
0000000000
0000000000
0000000000
0000000000
,
0000000000
0000000000
0000000000
0000000000
,
0020000200
0000000000
0000000000
0030000300
,
0000100000
0000000100
0000001000
0000010000
0000100000
0001000000
0010000000
0000100000
,
1000000000
1010000000
0000100000
0010100000
,
0000010000
0010000000
0001000000
0000100000
0000010000
0000001000
0000000100
0000010000
,
0000000001
0000000101
0000010000
0000010100
,
0000100000
0000000100
0000001000
0000010000
0001000000
0000001000
0000100000
0001000000
,
0010000000
0001000000
0000100000
0000001000
0001000000
0000010000
0000001000
0000000100
,
0000010000
0000001000
0001000000
0000100000
0010000000
0001000000
0000100000
0000010000
,
0000002000
0000000000
0000000002
0000000000
0000000000
0000003000
0000000000
0000000003
,
0000010000
0000000100
0000100000
0000010000
0010000000
0000100000
0010000000
0001000000
,
0000100000
0000010000
0010000000
0000100000
1000000000
0010000000
1000000000
0001000000
,
0100000000
0010000000
0001000000
0000010000
0000100000
0000001000
0000100000
0000000100
,
0000010000
0000000001
0000000100
0000000001
0000010000
0000001000
0002000000
0003000000
,
0000100000
0010000000
0000010000
0000100000
0000000100
0000010000
0000000100
0000001000
,
0000010000
0000100000
0000000100
0000010000
0000000001
0000000100
0000000001
0000001000
,
0000000010
0000000100
0000001000
0000100000
0000010000
0001000000
0000010000
0010000000
,
0000100000
1000000000
0010000000
1000000000
0000100000
0010000000
0002000000
0000000000
,
0003010000
0000000000
0001010000
0000000000
0001000000
0000010000
0000000100
0000001000
,
0000100000
0000000000
0000101000
0000000000
0000001000
0000100000
0010000000
0001000000
,
0000010000
0000000000
0001010000
0000000000
0000010000
0001000000
0010000000
0000100000
,
0000001000
0000000100
0000010000
0000001000
0000010000
0000000100
0000001000
0000100000
,
0010000000
0001000000
0000010000
0000000100
0000001000
0000000010
0000000100
0000000001
,
0000010000
0000000100
0000001000
0000100000
0010000000
0001000000
0100000000
0010000000
,
1000000000
0000100000
0001000000
0000001000
0000010000
0001000000
0000100000
0000020000
,
0002000000
0000000000
0000000000
0003030000
,
0001010000
0000010000
0000100000
0000010000
0001000000
0000000000
0000000000
0000000000
,
0000100000
0000100000
0010000000
0001000000
0100000000
0000000000
0000000000
0000000000
,
0010000000
1000000000
0100000000
0010000000
0000000000
0000000000
0000100000
0000000000
,
0001000000
0000001000
0000001000
0000100000
0000000000
0000010000
0000000000
0000000000
,
0010000000
0001000000
0000100000
0000010000
0000001000
0000000000
0000000000
0000000000
,
0000000100
0000010000
0000001000
0001000000
0000010000
0000000000
0000000000
0000000000
,
0001000000
0000001000
0000010000
0000000100
0000001000
0000000000
0000000000
0000000000
,
0000000000
0000000100
0000100000
0000010000
,
0010000000
0010000000
0010000000
0010000000
,
0010000000
0000000000
0010000000
0000000000
0010000000
0010000000
0000010000
0000100000
,
0000000100
0000000100
0000000100
0000000100
,
0000000100
0000000000
0000000100
0000000000
0000000100
0000000100
0000100000
0000010000
,
0010000000
0010000000
0010000000
0010000000
,
0010000000
0000000000
0010000000
0000000000
0010000000
0010000000
0000001000
0001000000
,
0000000100
0000000100
0000000100
0000000100
,
0000000100
0000000000
0000000100
0000000000
0000000100
0000000100
0001000000
0000001000
,
0010000000
0000100000
0010000000
0000100000
0010000000
0000100000
0010000000
0000100000
,
0001000000
0000100000
0001000000
0000100000
0001000000
0000100000
0001000000
0000100000
,
0001000000
0000001000
0001000000
0000001000
0001000000
0000001000
0001000000
0000001000
,
0000010000
0000001000
0000010000
0000001000
0000010000
0000001000
0000010000
0000001000
,
0001000000
0000001000
0001000000
0000001000
0000010000
0000001000
0000010000
0000001000
,
0001000000
0000001000
0001000000
0000001000
0001000000
0000100000
0001000000
0000100000
,
0001000000
0000001000
0000010000
0000000100
0000001000
0000010000
0000100000
0001000000
,
0020000000
0000020000
0000000000
0030030000
,
0001000000
0000001000
0000100000
0000010000
0000001000
0000000100
0000010000
0000000001
,
0000000100
0000000010
0000000001
0000000010
0000001000
0000000100
0000010000
0001000000
,
0000100000
0000010000
0000001000
0000100000
0010000000
0000100000
0001000000
0000001000
,
0000010000
0000000100
0000010000
0000001000
0001000000
0000010000
0000001000
0000000010
,
0000000100
0000001000
0000010000
0000000010
0000000100
0000000001
0000001000
0000000001
,
0000010000
0000001000
0001000000
0000100000
0010000000
0000100000
0001000000
0000001000
,
0000010000
0001000000
0000010000
0000000100
0000001000
0000000010
0000000100
0000000001
,
0000000100
0000010000
0000100000
0001000000
0010000000
0000100000
0100000000
0010000000
,
1000000000
0000000000
1001000000
0000000000
1000000000
0001000000
1000000000
0001000000
,
0010000000
0000100000
0010000000
0000100000
0001000000
0000001000
0001000000
0000001000
,
0000100000
0000000100
0000100000
0000000100
0000001000
0000000010
0000001000
0000000010
,
0000000100
0000000001
0000000100
0000000001
0000001000
0000000100
0000100000
0000010000
,
0001000000
0000100000
0010000000
0001000000
0000100000
0000000100
0000100000
0000000100
,
0000010000
0000000001
0000000100
0000010000
0001000000
0000000100
0001000000
0000000100
,
0000100000
0001000000
0010000000
0000100000
1000000000
0010000000
1000000000
0010000000
,
1010000000
0000000000
0000000000
0000000000
0000000000
1000000000
0010000000
0000200000
,
0000000020
0000000000
0000000000
0000000000
0000000000
0000000000
0000000000
0000000000
0000000000
0000000000
0000000000
0000000000
0000000000
0000000000
0000000000
0000300030
;
//---------------pump-double - d18----------------
#NOTEDATA:;
#CHARTNAME:;
#STEPSTYPE:pump-double;
#DESCRIPTION:d18;
#CHARTSTYLE:;
#DIFFICULTY:Edit;
#METER:18;
#RADARVALUES:1.000000,1.000000,0.559423,0.973811,0.828775,533.000000,54.000000,94.000000,0.000000,0.000000,0.000000,0.000000,0.000000,1.000000,1.000000,0.559423,0.973811,0.828775,533.000000,54.000000,94.000000,0.000000,0.000000,0.000000,0.000000,0.000000;
#CREDIT:Andamiro;
#OFFSET:-0.019000;
#BPMS:0.000000=175.000000
,112.000000=10.938000
,114.000000=175.000000
,238.000000=700.000000
,242.000000=175.000000
,243.500000=700.000000
;
#STOPS:;
#DELAYS:;
#WARPS:;
#TIMESIGNATURES:0.000000=4=4
;
#TICKCOUNTS:0.000000=8
,238.000000=2
,242.000000=8
,243.500000=2
;
#COMBOS:0.000000=1
;
#SPEEDS:0.000000=1.000000=0.000000=0
,238.000000=0.250000=4.000000=0
;
#SCROLLS:0.000000=1.000000
;
#FAKES:;
#LABELS:0.000=Song Start;
#NOTES:
0000000000
0000000000
0000000000
0000000000
,
0000000000
0000000000
0000000000
0000000000
,
0000000000
0000000000
0000000000
0000000000
,
0020000100
0000000000
0000000000
0030000000
0000002000
0000000000
0000000000
0000003000
0001000000
0000000000
0000010000
0000000000
0000110000
0000000000
0000000000
0000000000
,
0000100000
0010000000
1000000000
0010000000
0000100000
0000001000
0010000000
0000001000
,
0001000000
0000000000
0000100000
0000000000
0001000000
0000000000
0000001000
0000000000
0000100000
0001000000
0000100000
0000000000
0000110000
0000000000
0000000000
0000000000
,
0000010000
0000000100
0000000001
0000000100
0000010000
0001000000
0000000100
0001000000
,
0000001000
0000000000
0000010000
0000000000
0000001000
0000000000
0001000000
0000000000
0000020000
0000030000
0000000200
0000000300
0000000002
0000000003
0000000020
0000000030
,
0000000100
0000001000
0000010000
0000100000
0001000000
0010000000
0000001000
0001000000
,
0000000100
0000010000
0000001000
0001000000
0000100000
0010000000
0000010000
0000100000
,
0000001000
0001000000
0000001000
0001000000
0000010000
0000100000
0000010000
0000100000
0000001000
0001000000
0000001000
0001000000
0000010000
0000100000
0000010000
0000100000
,
0002000000
0020000000
0000000000
0033000000
,
0011000000
0000000000
0000000000
0100000000
0010000000
0000000000
0011000000
0000000000
0000000000
0000001000
0001000000
0000000000
0000010000
0000000000
0000001000
0000000000
,
0000001100
0000000000
0000000000
0000000010
0000000100
0000000000
0000001100
0000000000
0000000000
0001000000
0000001000
0000000000
0000100000
0000000000
0000010000
0000000000
,
0000110000
0000000000
0000000000
0010000000
0000100000
0000000000
0000110000
0000000000
0000000000
0000000100
0000010000
0000000000
0000000001
0000000000
0000000100
0000000000
,
0000000101
0000000000
0000000000
0000001100
0000000000
0000000000
0001010000
0000000000
0000000000
0000101000
0000000000
0000000000
0000001000
0000000000
0000010000
0000000000
,
0000010100
0000000000
0000000000
0000000001
0000000100
0000000000
0000010100
0000000000
0000000000
0000100000
0000010000
0000000000
0001000000
0000000000
0000100000
0000000000
,
0010100000
0000000000
0000000000
1000000000
0010000000
0000000000
0010100000
0000000000
0000000000
0000010000
0000100000
0000000000
0000001000
0000000000
0001000000
0000000000
,
0001001000
0000000000
0000000000
0000000100
0000001000
0000000000
0001001000
0000000000
0000000000
0010000000
0001000000
0000000000
0100000000
0000000000
0010000000
0000000000
,
0110000000
0000000000
0000000000
0010100000
0000000000
0000000000
0001010000
0000000000
0000000000
0000101000
0000000000
0000000000
0000100000
0000000000
0001000000
0000000000
,
0020000000
0000000000
0030000000
0000200000
0000000000
0000300000
0002000000
0003000000
0000010000
0000001000
0000000100
0000000000
0000200000
0000300000
0000020000
0000030000
,
0000002000
0000000000
0000003000
0000000200
0000000000
0000000300
0000020000
0000030000
0000000001
0000000100
0000000010
0000000000
0000002000
0000003000
0000020000
0000030000
,
0000200000
0000000000
0000300000
0000002000
0000000000
0000003000
0002000000
0003000000
0000010000
0000100000
0001000000
0000000000
0020000000
0030000000
0000200000
0000300000
,
2000000000
3000000000
0200000000
0300000000
0020000000
0030000000
0002000000
0003000000
0000200000
0000300000
0000020000
0000030000
0000002000
0000003000
0000000200
0000000300
,
0000000010
0000000000
0000000000
0000000101
0000000000
0000000000
0000001100
0000000000
0000000100
0000010000
0000001000
0000000000
0001000000
0000100000
0010000000
0000000000
,
0100100000
0000000000
0000000000
1010000000
0000000000
0000000000
0011000000
0000000000
0010000000
0000100000
0001000000
0000000000
0000001000
0000010000
0000000100
0000000000
,
0000001000
0000000100
0000001000
0000000100
0000100000
0000001000
0000100000
0000001000
0001000000
0000010000
0001000000
0000010000
0010000000
0001000000
0010000000
0001000000
,
0000200000
0000000000
0000000000
0000300000
0000020000
0000000000
0000000000
0000030000
0001000000
0000000000
0000001000
0000000000
0001001000
0000000000
0000000000
0000000000
,
0010000100
0000000000
0000000000
0000000000
0000110000
0000020000
0001030000
0002000000
,
0003010000
0000020000
0010030000
0020000000
0030010000
0000020000
0001030000
0002000000
,
0003010000
0000020000
0000130000
0000200000
0000301000
0000002000
0000103000
0000200000
,
0000300100
0000000200
0000100300
0000200000
0000301000
0000002000
0000103000
0000200000
,
0000310000
0000020000
0000130000
0000200000
0000300100
0000000200
0000010300
0000020000
,
0000030001
0000000002
0000001003
0000002000
0000003100
0000000200
0000100300
0000200000
,
0000310000
0000000000
0000220000
0000330000
0000000000
0000000000
0002002000
0003003000
0000000000
0000000000
0020000000
0000000000
0031000000
0000000000
0002000000
0000000000
,
0103000000
0200000000
0300100000
0000200000
0010300000
0020000000
0030001000
0000002000
,
0001003000
0000000000
0002002000
0003003000
0000000000
0000000000
0010000100
0000000000
0000220000
0000000000
0000330000
0000000000
0000000000
0000000000
0000100000
0000010000
,
0000100000
0000000000
0000010000
0000100000
0000000100
0000000000
0000100000
0000010000
0010000000
0000000000
0000010000
0000100000
0000010000
0000000000
0000100000
0000010000
,
0010000000
0000000000
0000010000
0000100000
0000000100
0000000000
0000100000
0000001000
0002002000
0000000000
0003003000
0000000000
0000000000
0000000000
0000001000
0001000000
,
0000001000
0000000000
0001000000
0000001000
0010000000
0000000000
0000001000
0001000000
0000000100
0000000000
0001000000
0000001000
0001000000
0000000000
0000001000
0001000000
,
0000000100
0000000000
0001000000
0000001000
0010000000
0000000000
0000001000
0000100000
0000010000
0000000000
0000000000
0000010100
0000000000
0000000000
0000000001
0000000100
,
0000010000
0000000000
0000000000
0000110000
0000000000
0000000000
0000100000
0001000000
0010000000
0000000000
0000000000
0010100000
0000000000
0000000000
1000000000
0010000000
,
0000100000
0000000000
0000000000
0000110000
0000000000
0000000000
0000010000
0000001000
0000000100
0000000000
0000000100
0000000000
0000010000
0000000000
0000010000
0000000000
,
0000000010
0000000100
0000001000
0000010000
0000000100
0000001000
0000010000
0000100000
0002000000
0000000000
0000000000
0000000000
0000000000
0000000000
0000000000
0000000000
,
0000000000
0000000000
0000000000
0000000000
0013000000
0000000000
0000000000
0000000000
1001000000
0000000000
0000000000
0010100000
0000000000
0000000000
0010000000
0000100000
,
1000000000
0000000000
0010000000
1000000000
0000100000
0010000000
0001000000
0100000000
0010000000
0000000000
0000000000
0101000000
0000000000
0000000000
0001000000
0010000000
,
0000100000
0010000000
0000010000
0000100000
0000000100
0000010000
0000000100
0000001000
0000000010
0000000000
0000000000
0000010100
0000000000
0000000000
0000000100
0000010000
,
0000000001
0000000000
0000000100
0000000001
0000010000
0000000100
0000001000
0000000010
0000000100
0000000000
0000000000
0000001010
0000000000
0000000000
0000001000
0000000100
,
0000010000
0000000100
0001000000
0000010000
0000100000
0000001000
0010000000
0000100000
0100000000
0000000000
0000000000
0100100000
0000000000
0000000000
0000100000
0010000000
,
0001000000
1000000000
0001000000
0010000000
0000100000
0001000000
0000100000
0010000000
0001000000
0000000000
0000000000
0001100000
0000000000
0000000000
0001000000
0000100000
,
0000001000
0001000000
0000010000
0000001000
0000000100
0000010000
0000000100
0000010000
0000000010
0000000000
0000000000
0000010010
0000000000
0000000000
0000010000
0000000100
,
0000001000
0000000001
0000001000
0000000100
0000010000
0000001000
0000010000
0000000100
0000002000
0000000000
0000003000
0000000020
0000000000
0000000030
0000020000
0000030000
,
0000000100
0000001000
0000010000
0000100000
0001000000
0010000000
0100000000
1000000000
0020000000
0030000000
0100000000
0000100000
0020000000
0030000000
0001000000
0100000000
,
0000100000
1000000000
0000100000
0010000000
0001000000
0000100000
0000010000
0001000000
0000002000
0000003000
0000100000
0000010000
0002000000
0003000000
0000010000
0000001000
,
0000000100
0000010000
0000001000
0000000100
0000000010
0000010000
0000000001
0000001000
0000000200
0000000300
0000010000
0000000010
0000000200
0000000300
0000000001
0000010000
,
0000000010
0000001000
0000000100
0000010000
0000001000
0001000000
0000010000
0000100000
0000002000
0000003000
0000100000
0000010000
0002000000
0003000000
0000100000
0010000000
,
0001000000
0000100000
0010000000
1000000000
0001000000
1000000000
0010000000
0100000000
0200200000
0300300000
0000000000
0022000000
0033000000
0000000000
0010000000
0000100000
,
0001000000
0000100000
0000001000
0000010000
0000001000
0000000100
0000010000
0000000010
0000020020
0000030030
0000000000
0000002200
0000003300
0000000000
0000000100
0000010000
,
0000001000
0000010000
0001000000
0000100000
0001000000
0010000000
0000100000
0100000000
0010000000
1000000000
0000100000
0010000000
0001000000
0100000000
0001000000
1000000000
,
0000100000
0010000000
0001000000
0000100000
0000010000
0000001000
0000000100
0000000010
0000000002
0000000000
0000000000
0000000000
0000000000
0000000000
0000000000
0000000000
,
0000000000
0000000000
0000000000
0000000000
0000000000
0000000000
0000000000
0000000000
0000000000
0000000000
0000000000
0000000000
0000000000
0000000003
0000000010
0000000000
,
0000000000
0000000100
0000000000
0000001000
0000000000
0000010000
0000000000
0000100000
,
0000000000
0001000000
0000000000
0022000000
0000000000
0000000000
0000000000
0000000000
,
0000000000
0000000000
0000000000
0000000000
,
0000000000
0000000000
0000000000
0000000000
,
0000000000
0000000000
0000000000
0000000000
,
0000000000
0000000000
0000000000
0000000000
,
0000000000
0000000000
0000000000
0000000000
,
0000000000
0000000000
0000000000
0033000000
0000000000
0000000000
0000000000
0000000000
;

//---------------pump-double - DP 2 New----------------
#NOTEDATA:;
#CHARTNAME:Double Performance 2;
#STEPSTYPE:pump-double;
#DESCRIPTION:DP 2 New;
#CHARTSTYLE:;
#DIFFICULTY:Edit;
#METER:2;
#RADARVALUES:0.085837,0.079252,0.031079,0.000000,0.005180,55.000000,3.000000,0.000000,0.000000,0.000000,0.000000,0.000000,0.000000,0.085837,0.079252,0.031079,0.000000,0.005180,55.000000,3.000000,0.000000,0.000000,0.000000,0.000000,0.000000,0.000000;
#CREDIT:Hucar;
#OFFSET:-0.019000;
#BPMS:0.000000=21.875000
;
#STOPS:;
#DELAYS:;
#WARPS:;
#TIMESIGNATURES:0.000000=4=4
;
#TICKCOUNTS:0.000000=16
;
#COMBOS:0.000000=1
;
#SPEEDS:0.000000=1.000000=0.000000=0
;
#SCROLLS:0.000000=8.000000
;
#FAKES:;
#LABELS:0.000000=Song Start
;
#NOTES:
// measure 0
0000000000
0000000000
0001000000
0000001000
,  // measure 1
0000100000
0000000000
0000010000
0000110000
0010000000
1000000000
0000100000
0000010000
,  // measure 2
0000000100
0000000001
0000010000
0000100000
0010000000
0100000000
0001000000
0000001000
,  // measure 3
0000000100
0000000010
0000001000
0001000000
0000001000
0000000000
0001000000
0000000000
,  // measure 4
0000010000
0000100000
0000000100
0010000000
,  // measure 5
0000000100
0000000000
0010000000
0000000000
0000001000
0000001000
0001000000
0001000000
,  // measure 6
0000010000
0000000000
0000010000
0000000000
0000100000
0000000000
0000100000
0000110000
0000001000
0000000000
0001000000
0000000000
0010000000
0000000000
1000000000
0000000000
,  // measure 7
0000100000
0000010000
0000000100
0000000010
0001000000
0000001000
0000000100
0000000001
,  // measure 8
0000010000
0000100000
0010000000
0100000000
0001001000
0000000000
0000000000
0000000000
;
