0000000000
0000000000
0000000000
0000000000
,
0000000000
0000000000
0000000000
0000000000
,
0000000000
0000000000
0000000000
0000000000
,
0000000000
0000000000
0000000000
0000000000
,
0010000000
0010000000
0010000000
0010000000
,
0000000100
0000000100
0000000100
0000000100
,
0000100000
0000100000
0000001000
0000001000
0001000000
0001000000
0000010000
0000010000
,
0020000200
0000000000
0030000300
0000000000
,
0000100000
0000010000
0000100000
0000010000
0000100000
0000010000
0000100000
0000010000
0010000000
0000000000
0000100000
0000000000
0010100000
0000000000
0010000000
0000100000
,
0001000000
0000100000
0010000000
0000000000
0010200000
0000000000
1000300000
0000000000
0010000000
0000000000
1000000000
0000000000
0000100000
0000000000
0010000000
0000100000
,
0001000000
0000100000
0010000000
0000000000
0010100000
0000000000
0000000000
0000000000
0000000100
0000000000
0000010000
0000000000
0000010100
0000000000
0000000100
0000010000
,
0000001000
0000010000
0000000100
0000000000
0000020100
0000000000
0000030001
0000000000
0000000100
0000000000
0000000001
0000000000
0000010000
0000000000
0000000100
0000010000
,
0000001000
0000010000
0000000100
0000000000
0000010100
0000000000
0000000000
0000000000
0000100000
0000000000
0000010000
0000000000
0010000100
0000000000
0000100000
0000010000
,
0010000000
0000010000
0000100000
0000000000
0020010000
0000000000
0030100000
0000000000
1000000000
0000000000
0010000000
0000000000
1000000000
0000000000
0000100000
0010000000
,
0001000000
0010000000
0000100000
0000000000
0010010000
0000000000
0000000000
0000000000
0000010000
0000000000
0000100000
0000000000
0010000100
0000000000
0000010000
0000100000
,
0000000100
0000100000
0000010000
0000000000
0000100200
0000000000
0000010300
0000000000
0000000001
0000000000
0000000100
0000000000
0000000001
0000000000
0000010000
0000000100
,
0000001000
0000000100
0000010000
0000000000
0000001000
0001000000
0000010000
0000200000
0002000000
0000000000
0000000000
0000000000
0000000000
0000000000
0000000000
0000000000
,
0000000000
0000300000
0003000000
0000000000
0000000000
0000000000
0000000000
0000000000
0100000000
0010000000
1000000000
0000100000
0010000000
0001000000
0000100000
0000010000
,
0001000000
0000001000
0001000000
0000001000
0000100000
0000010000
0000100000
0000010000
0000001000
0000000000
0000000100
0000000000
0000010000
0000000000
0000000001
0000000000
,
0000000100
0000000010
0000001000
0000000100
0000010000
0000000000
0000001000
0000000000
0001000000
0000100000
0010000000
0001000000
0100000000
0000000000
0010000000
0000000000
,
1001000000
0000000000
0010000000
0000000000
0100100000
0000000000
0000000000
0000000000
2000000000
3000000000
0020000000
0030000000
0000200000
0000000000
0000000000
0000300000
,
0000020000
0000030000
0000000200
0000000300
0000000002
0000000000
0000000000
0000000003
0000000100
0000000010
0000001000
0000000100
0000010000
0000000000
0000001000
0000000000
,
0001000000
0000100000
0010000000
0002000000
2000000000
0000000000
3003000000
0000000000
0000100000
0000000000
0001000000
0000000000
0000001000
0000000000
0000010000
0000000000
,
0000000100
0000001000
0000000010
0000000100
0000000001
0000000000
0000010000
0000000000
0000000020
0000000030
0000000200
0000000300
0000002000
0000000000
0000000000
0000003000
,
0002000000
0003000000
0020000000
0030000000
0200000000
0000000000
0000000000
0300000000
0001000000
0010000000
0000100000
0001000000
0000001000
0000000000
0000010000
0000000000
,
0000000100
0000010000
0000001000
0001000000
0000100000
0000000000
0010000000
0000000000
0001000000
0000100000
0000010000
0000001000
0000000100
0000000000
0000010000
0000000000
,
0000001000
0000001000
0001000000
0001000000
0002001000
0003010000
0001002000
0000103000
,
0000201000
0000300100
0001020000
0010030000
0001002000
0000103000
0020000100
0030010000
,
0001002000
0000103000
0020000100
0030010000
0001000000
0000001000
0000100000
0001000000
,
0010000000
0000100000
0001000000
0000001000
0000010000
0000000100
0000001000
0000010000
,
0001010000
0010000100
0000101000
0010000100
0001002000
0000103000
0002001000
0003010000
,
0001020000
0010030000
0000201000
0000300100
0002001000
0003010000
0010000200
0000100300
,
0002001000
0003010000
0010000200
0000100300
0000001000
0001000000
0000010000
0000001000
,
0000000100
0000010000
0000001000
0001000000
0000100000
0010000000
0001000000
0000100000
,
0000001000
0000001000
0001000000
0001000000
0001001000
0000000000
0010100000
0000000000
,
0001001000
0000000000
0000000000
0000000000
0000010100
0000000000
0000000000
0000000000
0001000000
0000100000
0010000000
0001000000
0000100000
0000000000
0000001000
0000000000
,
0001000000
0000010000
0000001000
0000000100
0000010000
0000000000
0000000001
0000000000
0000010001
0000000000
0000000000
0000000000
0000110000
0000000000
0000000000
0000000000
,
1000100000
0000000000
0000000000
0000000000
0000110000
0000000000
0000000000
0000000000
0000000010
0000010000
0000000100
0000001000
0000010000
0001000000
0000001000
0000100000
,
0001000000
0010000000
0000100000
0001000000
0000001000
0000000000
0000010000
0000000000
0000010100
0000000000
0000000000
0000000000
0011000000
0000000000
0000000000
0000000000
,
0000001100
0000000000
0000000000
0000000000
0010100000
0000000000
0000000000
0000000000
0100000000
0000100000
0010000000
0001000000
0000100000
0000001000
0001000000
0000010000
,
0000001000
0000000100
0000010000
0000001000
0001000000
0000000000
0000010000
0000000000
0020000000
0000000000
0030000000
0000000000
0001010000
0000000000
0000101000
0000000000
,
0000000200
0000000000
0000000300
0000000000
0000101000
0000000000
0001010000
0000000000
0010000000
0001000000
0000100000
0000001000
0001000000
0000100000
0000001000
0000000100
,
0000010000
0000001000
0001000000
0000010000
0000001000
0000000100
0000000010
0000000001
,
0000000200
0000000300
0000000020
0000000030
0000002000
0000003000
0000000100
0000010000
0000000001
0000000000
0000002000
0000000000
0000200000
0000003000
0000000000
0000300000
,
0020000000
0030000000
0001000000
1000000000
0020000000
0030000000
0202000000
0303000000
,
1000000000
0000000000
0001000000
0000000000
0010000000
0000000000
0000200000
0000000000
0000002000
0000000000
0000303000
0000000000
0000100000
0001000000
0000010000
0000000000
,
0000200000
0000000000
0000300100
0000000000
0000020000
0000000000
0010030000
0000000000
0000001000
0001000000
0000010000
0000100000
0001000000
0010000000
0000100000
1000000000
,
0020000000
0030000000
0200000000
0300000000
0002000000
0003000000
0010000000
0000100000
1000000000
0000000000
0002000000
0000000000
0000020000
0003000000
0000000000
0000030000
,
0000000200
0000000300
0000001000
0000000001
0000000200
0000000300
0000002020
0000003030
,
0000000001
0000000000
0000001000
0000000000
0000000100
0000000000
0000020000
0000000000
0002000000
0000000000
0003030000
0000000000
0000010000
0000001000
0000100000
0000000000
,
0000020000
0000000000
0010030000
0000000000
0000200000
0000000000
0000300100
0000000000
0001000000
0000001000
0000100000
0000010000
0000001000
0000000100
0000010000
0000000001
,
0000000200
0000000000
0000000000
0000000001
0000000000
0000000001
0000000300
0000000000
,
0000000001
0000000000
0000010000
0000000000
0000001000
0000000000
0001000000
0000000000
0000100000
0010000000
0000100000
0100000000
0000000000
0000000000
0000000000
0000000000
,
0020000000
0000000000
0000000000
1000000000
0000000000
1000000000
0030000000
0000000000
,
1000000000
0000000000
0000100000
0000000000
0001000000
0000000000
0000001000
0000000000
0000010000
0000000100
0000010000
0000000010
0000000000
0000000000
0000000000
0000000000
,
0000000200
0000000000
0000000000
0000000001
0000000000
0000000001
0000000300
0000000000
,
0000000001
0000000000
0000001000
0000000000
0000010000
0000000000
0000100000
0000000000
0001000000
0010000000
0001000000
1000000000
0000000000
0000000000
0000000000
0000000000
,
0020000000
0000000000
0000000000
0000000000
,
0000000000
0000000000
0000000000
0000000000
0000000000
0000000000
0000000000
0000000000
0000000000
0000000000
0000000000
0000000000
0000000000
0030000000
0000000000
0000000000
0000000000
0000000000
0000000000
0000000000
0000000000
1000000000
0000000000
0010000000
0000000000
0100000000
0000000000
0001000000
0000000000
0010000000
0000000000
0000100000
,
0000000000
0001000000
0000000000
0000010000
0000000000
0000100000
0000000000
0000000000
0000000000
0000001000
0000000000
0000000000
0000000000
0000100000
0000000000
0000000000
0000000000
0000001000
0000000000
0000000000
0000000000
0000100000
0000000000
0000000000
0000000000
0000001000
0000000000
0000000000
0000000000
0000100000
0000000000
0000000000
,
0000000000
0000001000
0000000000
0000000000
0000000000
0001000000
0000000000
0000010000
0000000000
0000001000
0000000000
0000000100
0000000000
0000001000
0000000000
0000000010
0000000000
0000000100
0000000000
0000000001
0000000000
0000000010
0000000000
0000000100
0000000000
0000001000
0000000000
0000000100
0000000000
0000010000
0000000000
0000001000
,
0000000000
0001000000
0000000000
0000100000
0000000000
0000001000
0000000000
0000010000
0000000000
0000001000
0000000000
0000000100
0000000000
0000010000
0000000000
0000001000
0000000000
0001000000
0000000000
0000010000
0000000000
0000100000
0000000000
0001000000
0000000000
0010000000
0000000000
0001000000
0000000000
0100000000
0000000000
0010000000
,
0000000000
1000000000
0000000000
0000100000
0000000000
0001000000
0000000000
0010000000
0000000000
0100000000
0000000000
0001000000
0000000000
0010000000
0000000000
0000100000
0000000000
0001000000
0000000000
0000001000
0000000000
0000010000
0000000000
0001000000
0000000000
0000100000
0000000000
0001000000
0000000000
0010000000
0000000000
0000100000
,
0000000000
0001000000
0000000000
0000010000
0000000000
0000001000
0000000000
0000000100
0000000000
0000001000
0000000000
0000000010
0000000000
0000000100
0000000000
0000000001
0000000000
0000010000
0000000000
0000001000
0000000000
0000100000
0000000000
0001000000
0000000000
0010000000
0000000000
0001000000
0000000000
0100000000
0000000000
0010000000
,
0000000000
1000000000
0000000000
0000100000
0000000000
0001000000
0000000000
0000001000
0000000000
0000010000
0000000000
0000000100
0000000000
0000001000
0000000000
0000000001
0000000000
0000000100
0000000000
0000010000
0000000000
0000001000
0000000000
0000000100
0000000000
0000010000
0000000000
0000001000
0000000000
0000100000
0000000000
0001000000
,
0000000000
0100000000
0000000000
0010000000
0000000000
1000000000
0000000000
0000100000
0000000000
0001000000
0000000000
0000010000
0000000000
0000100000
0000000000
0001000000
0000000000
0000010000
0000000000
0000001000
0000000000
0001000000
0000000000
0000100000
0000000000
0000001000
0000000000
0000010000
0000000000
0001000000
0000000000
0000001000
,
0000000000
0000100000
0000000000
0001000000
0000000000
0020000000
0000000000
0000000000
0000000000
0030000000
0000000000
0000000000
0000000000
0001010000
0000000000
0000000000
0000000000
0000101000
0000000000
0000000000
0000000000
0000000200
0000000000
0000000000
0000000000
0000000300
0000000000
0000000000
0000000000
0000101000
0000000000
0000000000
,
0000000000
0001010000
0000000000
0000000000
0000000000
0010000000
0000000000
0001000000
0000000000
0100000000
0000000000
1000000000
0000000000
0010000000
0000000000
0000100000
0000000000
0001000000
0000000000
0000001000
0000000000
0000000000
0000100000
0000000000
0000000000
0000000000
0001000000
0000000000
0000000000
0000000000
0010000000
0000000000
,
0000000000
0000100000
0000000000
0000001000
0000000000
0000010000
0000000000
0000000100
0000000000
0000000002
0000000000
0000000020
0000000000
0000000000
0000000000
0000000000
,
0000000000
0000000000
0000000000
0000000000
,
0000000000
0000000033
0000000000
0000000000
0000000000
0000000000
0000000000
0000000000
0000000000
0000000000
0000000000
0000000000
0000000000
0000000000
0000000000
0000000000
0000000000
0000000000
0000000000
0000000000
0000000000
0000000000
0000000000
0000000000
0000000000
0000000000
0000000000
0000000000
0000000000
0000000000
0000000000
0000000000
0000000000
0000000000
0000000000
0000000000
0000000000
0000000000
0000000000
0000000000
0000000000
0000000000
0000000000
0000000000
0000000000
0000000000
0000000000
0000000000
0000000000
0000000000
0000000000
0000000000
0000000000
0000000000
0000000000
0000000000
0000000000
0000000000
0000000000
0000000000
0000000000
0000000000
0000000000
0000000000
;