00000
00000
00000
00000
00000
00000
00000
00000
00000
00000
00000
00000
00000
00000
00000
00000
00000
00000
00000
00000
00000
00000
00000
00000
00000
00000
00000
00000
02000
03000
00200
00300
,  // measure 1
20000
30000
00000
00000
00010
00000
00010
00000
00010
00000
00000
00000
20000
30000
00200
00300
02000
03000
00000
00000
00001
00000
00001
00000
00001
00000
00200
00300
00020
00030
00000
00000
,  // measure 2
10000
00000
10000
00000
00001
00000
00001
00000
00100
00000
00000
00000
00020
00030
02000
03000
00200
00300
20000
30000
00002
00003
00200
00300
00020
00030
02000
03000
00001
00000
00000
00000
,  // measure 3
20000
30000
00200
00300
02000
03000
00020
00030
00100
00000
00000
00000
00000
00000
00002
00003
00200
00300
00020
00030
02000
03000
00200
00300
10000
00000
00000
00000
00000
00000
00000
00000
,  // measure 4
00000
00000
00002
00003
20000
30000
00200
00300
02000
03000
00020
00030
00200
00300
00002
00003
10000
00000
00000
00000
10100
00000
00000
00000
00001
00000
00000
00000
00101
00000
00000
00000
,  // measure 5
10001
00000
00000
00000
00002
00003
00200
00300
00020
00030
02000
03000
00200
00300
10000
00000
00000
00000
00000
00000
02000
03000
00200
00300
00020
00030
02000
03000
00100
00000
00000
00000
,  // measure 6
00000
00000
20000
30000
00020
00030
00100
00000
00000
00000
00002
00003
02000
03000
00200
00300
20000
30000
02000
03000
00200
00300
00010
00000
00000
00000
02000
03000
00200
00300
10000
00000
,  // measure 7
00000
00000
00000
00000
00020
00030
00200
00300
00002
00003
00020
00030
00200
00300
01000
00000
00000
00000
00020
00030
00200
00300
00002
00000
00000
00003
01000
00000
00000
00000
00000
00000
,  // measure 8
00000
00000
00200
00300
20000
30000
02000
03000
00200
00300
00020
00030
02000
03000
00100
00000
00000
00000
00000
00000
00000
00000
20000
00000
30002
00000
00000
00000
00103
00000
00000
00000
,  // measure 9
00101
00110
01100
10100
00101
01100
00110
10100
,  // measure 10
01100
00110
00101
10100
01100
01010
00110
00101
,  // measure 11
10001
10100
11000
01100
01010
00110
00011
00101
,  // measure 12
10001
00000
00000
00000
10100
00000
00000
00000
10001
00000
00000
00000
00101
00000
00000
00000
00110
00000
00000
00000
01100
00000
00000
00000
01010
00000
00000
00000
00020
00030
00200
00300
,  // measure 13
00002
00003
00000
00000
01000
00000
01000
00000
01000
00000
00000
00000
00002
00003
00200
00300
00020
00030
00000
00000
10000
00000
10000
00000
10000
00000
00200
00300
02000
03000
00000
00000
,  // measure 14
00001
00000
00001
00000
10000
00000
10000
00000
00100
00000
00000
00000
02000
03000
00020
00030
00200
00300
00002
00003
20000
30000
00200
00300
02000
03000
00020
00030
10000
00000
00000
00000
,  // measure 15
00002
00003
00200
00300
00020
00030
02000
03000
00100
00000
00000
00000
00000
00000
20000
30000
00200
00300
02000
03000
00020
00030
00200
00300
00001
00000
00000
00000
00000
00000
00000
00000
,  // measure 16
00000
00000
20000
30000
00002
00003
00200
00300
00020
00030
02000
03000
00200
00300
20000
30000
00001
00000
00000
00000
00101
00000
00000
00000
10000
00000
00000
00000
10100
00000
00000
00000
,  // measure 17
10002
00100
00000
01000
00000
00100
00000
10003
,  // measure 18
20000
00000
00100
00000
00000
00000
30010
00000
10010
00000
01001
00000
10010
00100
01001
00000
,  // measure 19
00010
00100
00010
00000
10000
00000
00100
00000
01000
00000
00002
00000
00103
00000
00000
00000
01000
00100
01000
00000
00001
00000
00100
00000
00010
00000
20000
00000
30100
00000
00000
00000
,  // measure 20
00010
00000
01000
00000
00100
00000
10000
00001
00100
00000
00001
00000
20000
00000
30000
00000
00200
00000
00000
00300
02000
00000
03020
00000
00000
00000
00030
00000
00100
00000
00010
01000
,  // measure 21
00100
01000
00010
10000
00001
00000
00100
00000
02020
00000
00000
00000
00000
00000
00000
00000
,  // measure 22
00000
00000
00000
00000
00000
00000
00000
00000
00000
00000
00000
00000
00000
03030
00000
00000
00000
00000
00000
00000
00000
00000
00000
00000
20000
00000
30000
00000
00002
00000
00003
00000
02000
00000
03000
00000
00000
00000
00000
00000
00100
00000
00000
00000
00100
00000
00000
00000
00100
00000
00000
00000
00000
00000
00000
00000
02000
00000
03000
00000
00020
00000
00030
00000
,  // measure 23
20000
30000
00000
00000
00100
00000
00100
00000
00100
00000
02000
03000
00020
00030
00000
00000
00100
00000
00100
00000
00001
00000
00001
00000
10000
00000
00000
00000
00200
00300
02000
03000
,  // measure 24
00020
00030
00200
00300
00002
00003
00020
00030
00200
00300
02000
03000
00010
00000
00000
00000
20000
30000
00200
00300
00002
00003
00020
00030
00100
00000
00000
00000
00000
00000
00002
00003
,  // measure 25
00020
00000
00030
00000
00200
00000
00300
00000
02000
00000
03000
00000
00200
00000
00300
00000
10000
00000
00000
00000
00000
00000
00000
00000
00000
00000
00000
00000
00000
00000
00000
00000
00000
00000
00000
00000
02000
00000
03000
00000
00200
00000
00300
00000
00020
00000
00030
00000
00200
00000
00300
00000
00002
00000
00000
00003
20000
00000
30000
00000
00200
00000
00300
00000
,  // measure 26
01000
01100
00010
00110
01110
00000
00000
00000
;