//---------------pump-single - s15----------------
#NOTEDATA:;
#CHARTNAME:;
#STEPSTYPE:pump-single;
#DESCRIPTION:s15;
#CHARTSTYLE:;
#DIFFICULTY:Challenge;
#METER:15;
#RADARVALUES:0.719413,1.000000,0.173651,0.713900,1.000000,430.000000,18.000000,74.000000,0.000000,0.000000,0.000000,0.000000,264.000000,0.719413,1.000000,0.173651,0.713900,1.000000,430.000000,18.000000,74.000000,0.000000,0.000000,0.000000,0.000000,264.000000;
#CREDIT:Andamiro;
#OFFSET:
-0.041000
;
#BPMS:
0.000000=135.000000
,418.750000=67.500000
,433.000000=33.750000
,433.500000=135.000000
;
#STOPS:;
#DELAYS:;
#WARPS:
24.000000=12.000000
,37.000000=16.000000
,54.000000=12.000000
,130.000000=16.000000
,146.000000=16.000000
,162.500000=20.000000
,183.000000=20.000000
,203.250000=24.000000
,227.500000=20.000000
,247.750000=24.000000
,272.000000=32.250000
,308.250000=21.000000
,329.750000=11.000000
,341.250000=12.000000
,353.750000=11.000000
,365.250000=10.000000
,375.750000=10.000000
,499.500000=16.000000
,516.500000=28.000000
,545.500000=8.000000
;
#TIMESIGNATURES:0.000000=4=4
;
#TICKCOUNTS:0.000000=8
,418.750000=16
,433.000000=32
,433.500000=8
;
#COMBOS:0.000000=1
,515.500000=5
;
#SPEEDS:
0.000000=1.000000=0.000000=0
;
#SCROLLS:
0.000000=1.000000
,36.000000=0.000000
,37.000000=1.000000
,53.000000=0.000000
,54.000000=1.000000
,66.000000=0.000000
,66.500000=1.000000
,162.000000=0.000000
,162.500000=1.000000
,182.500000=0.000000
,183.000000=1.000000
,203.000000=0.000000
,203.250000=1.000000
,227.250000=0.000000
,227.500000=1.000000
,247.500000=0.000000
,247.750000=1.000000
,271.750000=0.000000
,272.000000=1.000000
,304.000000=0.000000
,304.250000=1.000000
,329.250000=0.000000
,329.750000=1.000000
,340.750000=0.000000
,341.250000=1.000000
,353.250000=0.000000
,353.750000=1.000000
,364.750000=0.000000
,365.250000=1.000000
,375.250000=0.000000
,375.750000=1.000000
,385.750000=0.000000
,386.250000=1.000000
,515.500000=0.000000
,516.500000=1.000000
,544.500000=0.000000
,545.500000=1.000000
,553.500000=0.000000
,554.500000=1.000000
;
#FAKES:;
#LABELS:0.000=Song Start;
#DISPLAYBPM:135.000000;
#NOTES:
// measure 0
00000
00000
00000
00000
,  // measure 1
02100
03000
00010
00100
00002
20003
00000
30100
,  // measure 2
00000
10100
00000
10001
00100
00010
01000
00001
,  // measure 3
10000
00100
10000
00001
10000
01000
00100
00010
,  // measure 4
01000
00100
01000
00010
01000
00100
00010
00001
,  // measure 5
00100
00010
10000
00010
00100
00010
01000
00100
,  // measure 6
10000
00000
00000
00000
10000
00000
00002
00000
00003
00000
02000
03000
00100
10000
00010
00100
,  // measure 7
00010
01000
00100
00000
10000
00001
00000
00000
01000
00000
00010
00000
00100
00000
00001
00000
,  // measure 8
01000
00100
01000
00000
00010
10000
00000
00000
00000
00000
00000
00000
00000
00000
00000
00000
,  // measure 9
20000
30000
00000
00000
00000
00000
00000
00000
00000
00000
00000
00000
00000
00000
00000
00000
00000
00000
00000
00000
00000
00000
00000
00000
00000
00000
00000
00000
00000
00000
00000
00000
00000
00000
00000
00000
00000
00000
00000
00000
00000
00000
00000
00000
00000
00000
00000
00000
00000
00000
00000
00000
00000
00000
00000
00000
00000
00000
00000
00000
00000
00000
00000
00000
00000
00000
00000
00000
00000
00000
00000
00000
00000
00000
00000
00000
00000
00000
00000
00000
00000
00000
00000
00000
00000
00000
00000
00000
00000
00000
00000
00000
00000
00000
00000
00000
10000
00000
00000
00000
00000
00000
00000
00000
00000
00000
00000
00000
00000
00000
00000
00000
00000
00000
00000
00000
00000
00000
00000
00000
00002
00000
00000
00000
00000
00000
00000
00000
00000
00000
00000
00000
00000
00000
00000
00000
00000
00000
00000
00000
00000
00000
00000
00000
00003
00000
00000
00000
00000
00000
00000
00000
00000
00000
00000
00000
00000
00000
00000
00000
00000
00000
00000
00000
00000
00000
00000
00000
02000
00000
00000
00000
00000
00000
00000
00000
00000
00000
00000
00000
03000
00000
00000
00000
00000
00000
00000
00000
00000
00000
00000
00000
,  // measure 10
00100
10000
00010
00100
00010
01000
00100
00000
10000
00001
00000
00000
01000
00000
00010
00000
,  // measure 11
00100
00000
00001
00000
01000
00100
01000
00000
00010
10000
00000
00000
00000
00000
00000
00000
,  // measure 12
00000
00000
00000
00000
,  // measure 13
00000
00000
00000
00000
00000
00000
00001
20000
,  // measure 14
30000
00000
00020
00030
00100
00001
01000
00100
01000
00010
00100
00000
00001
10000
00000
00000
,  // measure 15
00010
00000
01000
00000
00100
00000
10000
00000
00010
00100
00010
00000
01000
00001
00000
00000
,  // measure 16
00000
00000
00000
00000
00000
00000
00000
10000
,  // measure 17
00002
00000
00003
00000
02000
03000
00100
10000
00010
00100
00010
01000
00100
00000
10000
00001
,  // measure 18
00000
00000
01000
00000
00010
00000
00100
00000
00001
00000
01000
00100
01000
00000
00010
10000
,  // measure 19
00000
00000
00010
00100
01000
10000
00100
01000
00010
00100
00001
01000
00100
00000
10000
00000
,  // measure 20
10100
00000
00101
00000
10001
00000
00001
10000
,  // measure 21
00200
00000
00300
00000
10000
00000
01000
00000
00100
00010
01000
00000
00100
00000
10000
00000
,  // measure 22
00002
00000
00003
00000
00100
00000
00001
00000
00010
00100
01000
00000
00010
00000
00100
00000
,  // measure 23
00001
00000
10000
00100
01000
00000
00010
00000
01010
00000
00010
00000
00100
00000
00001
01000
,  // measure 24
00100
10000
00010
00100
00001
00010
00100
01000
00100
00000
10000
00000
00001
00000
00000
00000
,  // measure 25
10001
00000
00000
00000
01010
00000
00000
00000
20000
30000
00002
00003
00200
00300
00020
00030
,  // measure 26
02000
00000
00000
03000
20000
30000
02000
00000
00000
03000
00020
00000
00030
00000
00100
00000
,  // measure 27
00010
00000
10000
00100
10000
00010
00100
00001
01000
00000
00010
00000
00100
00000
00001
00000
,  // measure 28
10000
00100
10000
00000
00010
00000
01000
00000
00100
00000
10000
00000
00001
00000
00000
00000
,  // measure 29
10001
00000
00000
00000
01010
00000
00000
00000
00020
00030
02000
03000
00200
00300
20000
30000
,  // measure 30
00020
00000
00000
00030
00002
00003
00020
00000
00000
00030
02000
00000
03000
00000
00100
00000
,  // measure 31
10000
00000
00010
00100
00010
10000
00100
01000
00001
00000
10000
00000
00100
00000
01000
00000
,  // measure 32
00010
00100
00010
00000
10000
00000
00001
00000
01000
01000
01000
01000
00100
00100
10000
10000
,  // measure 33
00001
00001
00100
00100
00100
00100
00110
00000
00000
00000
00000
00000
00000
00000
00000
00000
,  // measure 34
00000
00000
00000
00000
,  // measure 35
00000
00000
00000
00000
,  // measure 36
00000
00000
00000
00000
,  // measure 37
00000
00000
00000
00000
,  // measure 38
00000
00000
00000
00000
,  // measure 39
00000
00000
00000
00000
,  // measure 40
00000
00000
00000
00000
00000
00000
00000
00000
00000
00000
01000
01000
01000
01000
00100
00100
,  // measure 41
10000
10000
00001
00001
00100
00100
00100
00100
00110
00000
00000
00000
00000
00000
00000
00000
,  // measure 42
00000
00000
00000
00000
,  // measure 43
00000
00000
00000
00000
,  // measure 44
00000
00000
00000
00000
,  // measure 45
00000
00000
00000
00000
00000
00000
00000
00000
00000
00000
00000
00000
02000
00000
00000
03000
,  // measure 46
00100
00100
10000
10000
00001
00001
00100
00100
00100
00100
00110
00000
00000
00000
00000
00000
,  // measure 47
00000
00000
00000
00000
,  // measure 48
00000
00000
00000
00000
,  // measure 49
00000
00000
00000
00000
,  // measure 50
00000
00000
00000
00000
00000
00000
00000
00000
00000
00000
00000
00000
00000
02000
00000
00000
,  // measure 51
03000
00200
00300
10000
10000
00001
00001
00100
00100
00100
00100
00110
00000
00000
00000
00000
,  // measure 52
00000
00000
00000
00000
,  // measure 53
00000
00000
00000
00000
,  // measure 54
00000
00000
00000
00000
,  // measure 55
00000
00000
00000
00000
,  // measure 56
00000
00000
00000
00000
00000
00000
00000
02000
,  // measure 57
00000
03000
00200
00300
20000
30000
00001
00001
00100
00100
00100
00100
00110
00000
00000
00000
,  // measure 58
00000
00000
00000
00000
,  // measure 59
00000
00000
00000
00000
,  // measure 60
00000
00000
00000
00000
,  // measure 61
00000
00000
00000
00000
00000
00000
00000
00000
00000
00000
00000
00000
00000
00000
00000
02000
,  // measure 62
00000
00000
03000
00200
00300
20000
30000
00002
00003
00100
00100
00100
00100
00110
00000
00000
,  // measure 63
00000
00000
00000
00000
,  // measure 64
00000
00000
00000
00000
,  // measure 65
00000
00000
00000
00000
,  // measure 66
00000
00000
00000
00000
,  // measure 67
00000
00000
00000
00000
,  // measure 68
02000
00000
00000
03000
00200
00300
20000
30000
00002
00003
00200
00000
00000
00000
00310
00000
,  // measure 69
00000
00000
00000
00000
,  // measure 70
00000
00000
00000
00000
,  // measure 71
00000
00000
00000
00000
,  // measure 72
00000
00000
00000
00000
,  // measure 73
00000
00000
00000
00000
,  // measure 74
00000
00000
00000
00000
,  // measure 75
00000
00000
00000
00000
,  // measure 76
00000
02000
00000
00000
03000
00200
00300
20000
30000
00002
00003
00200
00000
00000
00000
00310
,  // measure 77
00000
00000
00000
00000
00000
01000
00000
00100
10000
00001
00100
00010
00100
00001
10000
00100
,  // measure 78
01000
00010
00100
00001
00000
00100
00010
00100
00001
00000
00000
00000
00000
00000
00000
00000
,  // measure 79
00000
00000
00000
00000
,  // measure 80
00000
00000
00000
00000
,  // measure 81
00000
00000
00000
00000
,  // measure 82
00000
00000
00000
00000
00000
00000
00000
00000
00000
00000
00000
10000
00000
00100
01000
00010
,  // measure 83
00100
00001
00010
01000
00100
10000
00001
00100
00010
00100
00001
00100
00010
00000
00000
00000
,  // measure 84
00000
00000
00000
00000
,  // measure 85
00000
00000
00000
00000
00000
00000
00000
00000
00000
00001
00000
00100
00010
01000
00100
10000
,  // measure 86
00100
01000
00010
00100
00001
10000
00100
01000
00000
00100
10000
00100
01000
00000
00000
00000
,  // measure 87
00000
00000
00000
00000
,  // measure 88
00000
00000
00000
00000
00000
00000
00000
00000
00000
00000
00000
00010
00000
00100
00001
10000
,  // measure 89
00100
01000
00100
10000
00001
00100
00010
01000
00100
10000
00000
00100
01000
00100
10000
00000
,  // measure 90
00000
00000
00000
00000
,  // measure 91
00000
00000
00000
00000
00000
00000
00000
00000
00000
01000
00000
00100
10000
00001
00100
00010
,  // measure 92
00100
00001
10000
00100
01000
00010
00100
00001
00000
00100
00010
00100
00001
00000
00000
00000
,  // measure 93
00000
00000
00000
00000
,  // measure 94
00000
00000
00000
10000
00000
00100
01000
00010
00100
00001
00100
00010
01000
00100
10000
00001
,  // measure 95
00100
00010
00000
00100
00001
00100
00010
01000
00100
10000
00000
00000
00000
00000
00000
00000
,  // measure 96
00000
00000
00000
00000
00000
00000
00000
00000
00000
00000
00000
00000
00000
10000
00000
00100
,  // measure 97
01000
00010
00100
00001
00010
00001
00100
00010
01000
00100
10000
00001
00000
00100
00010
01000
,  // measure 98
00100
10000
00010
00100
00001
00010
00100
01000
00100
10000
00010
00100
00000
00100
00001
10000
,  // measure 99
00100
01000
00100
10000
01000
00100
00010
01000
00100
10000
00001
00100
00000
00101
00000
00000
,  // measure 100
00000
10001
00000
00000
00000
10100
00000
00000
00000
10000
00000
00010
00000
00100
00001
10000
,  // measure 101
00001
00100
00000
00010
00000
01000
00100
01000
00010
00100
00001
10000
00000
00010
01000
00100
,  // measure 102
10000
01000
10000
00100
10000
00010
00100
00001
00010
00100
01000
00010
00000
00100
00001
10000
,  // measure 103
00100
00000
00000
10000
00010
10000
00000
00100
00000
01000
00010
00100
00010
02000
03000
00100
,  // measure 104
10000
01000
00100
00010
01000
00100
10000
00010
00000
00100
00000
00002
00000
00000
00000
00000
,  // measure 105
00000
00003
00100
00020
00000
00000
00000
00000
00030
10000
00100
02000
00000
00000
00000
00000
,  // measure 106
03000
00001
10000
00200
00000
00000
00000
00000
00000
00300
01000
00002
00000
00000
00000
00000
,  // measure 107
00000
00003
10000
00020
00000
00000
00000
00000
00030
00100
00001
20000
00000
30000
00100
01000
,  // measure 108
00010
00100
00001
10000
00000
00000
00100
00000
01000
00000
00010
00000
00000
00000
01010
00000
,  // measure 109
00000
00000
10001
00000
00000
00000
00200
00300
02000
03000
00020
00030
00200
00300
00002
00000
,  // measure 110
00000
00003
00020
00030
00002
00000
00000
00003
00200
00000
00300
00000
00010
00000
01000
00000
,  // measure 111
00100
10000
01000
10000
00100
10000
00010
00000
00100
00000
00001
00000
00010
00000
00100
01000
,  // measure 112
00010
10000
00001
00100
00010
01000
00000
01010
,  // measure 113
00000
00000
10001
00000
00000
00000
00200
00300
00020
00030
02000
03000
00200
00300
20000
00000
,  // measure 114
00000
30000
02000
03000
20000
00000
00000
30000
00200
00000
00300
00000
01000
00000
00010
00000
,  // measure 115
00100
00001
00010
00001
00100
00001
01000
00000
00100
00000
10000
00000
01000
00000
00100
00010
,  // measure 116
01000
00000
00001
00000
10000
00000
00100
00000
00100
00000
10000
00100
10000
00100
02000
00000
,  // measure 117
03000
00100
10000
01000
00100
00010
02000
03000
,  // measure 118
00002
00000
00003
00000
00100
00000
10000
01000
00100
00000
10000
01000
00100
00000
00020
00000
,  // measure 119
00030
00100
00001
00010
00100
01000
00020
00030
,  // measure 120
20000
00000
30000
00000
00100
00000
00001
00010
00100
00000
00001
00010
00100
00000
02000
00000
,  // measure 121
03000
00100
10000
01000
00100
00010
02000
03000
,  // measure 122
20000
00000
30000
00000
00100
00000
00001
00010
00100
00000
10000
01000
00200
00300
00020
00000
,  // measure 123
00030
00000
02000
03000
20000
30000
00200
00300
00020
00030
00002
00003
00200
00300
20000
00000
,  // measure 124
30000
00000
00001
00000
00100
00010
01000
00100
00010
00001
00100
00010
00100
01000
20000
00000
,  // measure 125
30000
20000
30000
20000
30000
00000
00000
00000
,  // measure 126
00000
00000
00000
00000
,  // measure 127
00000
00000
00000
00000
,  // measure 128
00000
00000
00000
00000
00000
00000
00000
00000
00000
00000
00000
00000
00000
00000
00000
00000
00000
00000
00000
00000
00000
00000
00000
00000
00000
00000
00000
00000
00000
00000
00000
00000
00000
00000
00000
00000
00000
00000
00000
00000
00000
00000
00000
00000
00000
00000
00000
00000
00000
00000
00000
00000
00000
00000
00000
00000
00000
00000
00000
00000
00000
00000
00000
00000
00000
00000
00000
00000
00000
00000
00000
00000
00000
00000
00000
00000
00000
00000
00000
00000
00000
00000
00000
00000
00000
00000
00000
00000
00000
00000
00000
00000
00000
00000
00000
00000
00000
00000
00000
00000
00000
00000
00000
00000
00000
00000
00000
00000
00000
00000
00000
00000
00000
00000
00000
00000
00000
00000
00000
00000
00000
00000
00000
00000
00000
00000
00000
00000
00000
00000
00000
00000
00000
00000
00000
00000
00000
00000
00000
00000
00000
00000
00000
00000
00000
00000
00000
00000
00000
00000
00000
00000
00000
00000
00000
00000
00000
00000
00000
00000
00000
00000
00000
00000
00000
00000
00000
00000
20000
30000
00000
00000
00000
00000
00000
00000
00000
00000
00000
00000
00000
00000
00000
00000
00000
00000
00000
00000
00000
00000
00000
00000
,  // measure 129
00000
20000
30000
20000
30000
00000
00000
00000
,  // measure 130
00000
00000
00000
00000
,  // measure 131
00000
00000
00000
00000
,  // measure 132
00000
00000
00000
00000
,  // measure 133
00000
00000
00000
00000
,  // measure 134
00000
00000
00000
00000
,  // measure 135
00000
00000
00000
00000
,  // measure 136
00000
00000
00000
00000
00000
00000
00000
00000
00000
00000
00000
00000
00000
00000
00000
00000
00000
00000
00000
00000
00000
00000
00000
00000
20000
30000
00000
00000
00000
00000
00000
00000
00000
00000
00000
00000
00000
00000
00000
00000
00000
00000
00000
00000
00000
00000
00000
00000
00000
00000
00000
00000
00000
00000
00000
00000
00000
00000
00000
00000
00000
00000
00000
00000
00000
00000
00000
00000
00000
00000
00000
00000
20000
00000
00000
00000
00000
00000
00000
00000
00000
00000
00000
00000
00000
00000
00000
00000
00000
00000
00000
00000
00000
00000
00000
00000
30000
00000
00000
00000
00000
00000
00000
00000
00000
00000
00000
00000
00000
00000
00000
00000
00000
00000
00000
00000
00000
00000
00000
00000
00000
00000
00000
00000
00000
00000
00000
00000
00000
00000
00000
00000
00000
00000
00000
00000
00000
00000
00000
00000
00000
00000
00000
00000
00000
00000
00000
00000
00000
00000
00000
00000
00000
00000
00000
00000
00000
00000
00000
00000
00000
00000
00000
00000
00000
00000
00000
00000
00000
00000
00000
00000
00000
00000
00000
00000
00000
00000
00000
00000
00000
00000
00000
00000
00000
00000
00000
00000
00000
00000
00000
00000
,  // measure 137
00000
00000
00000
00000
,  // measure 138
00000
00000
00000
00000
00000
00000
00000
00000
00000
00000
00000
00000
00000
00000
00000
00000
00000
00000
00000
00000
00000
00000
00000
00000
00000
00000
00000
00000
00000
00000
00000
00000
00000
00000
00000
00000
00000
00000
00000
00000
00000
00000
00000
00000
00000
00000
00000
00000
00000
00000
00000
00000
00000
00000
00000
00000
00000
00000
00000
00000
00000
00000
00000
00000
00000
00000
00000
00000
00000
00000
00000
00000
20000
30000
00000
00000
00000
00000
00000
00000
00000
00000
00000
00000
00000
00000
00000
00000
00000
00000
00000
00000
00000
00000
00000
00000
00000
00000
00000
00000
00000
00000
00000
00000
00000
00000
00000
00000
00000
00000
00000
00000
00000
00000
00000
00000
00000
00000
00000
00000
00000
00000
00000
00000
00000
00000
00000
00000
00000
00000
00000
00000
00000
00000
00000
00000
00000
00000
00000
00000
00000
00000
00000
00000
00000
00000
00000
00000
00000
00000
00000
00000
00000
00000
00000
00000
00000
00000
00000
00000
00000
00000
00000
00000
00000
00000
00000
00000
00000
00000
00000
00000
00000
00000
00000
00000
00000
00000
00000
00000
00000
00000
00000
00000
00000
00000
00000
00000
00000
00000
00000
00000
;