//---------------pump-single - s17----------------
#NOTEDATA:;
#STEPSTYPE:pump-single;
#DESCRIPTION:s17;
#DIFFICULTY:Edit;
#METER:17;
#RADARVALUES:1.000000,0.964338,0.103972,1.000000,1.000000,667.000000,12.000000,146.000000,0.000000,1.000000,0.000000,0.000000,0.000000,1.000000,0.964338,0.103972,1.000000,1.000000,667.000000,12.000000,146.000000,0.000000,1.000000,0.000000,0.000000,0.000000;
#CREDIT:Andamiro;
#OFFSET:
-0.016000
;
#BPMS:
0.000000=155.000000
,20.000000=155.000000
,30.000000=155.000000
,40.000000=155.000000
,53.000000=77.500000
,67.000000=155.000000
,179.000000=310.000000
,187.000000=155.000000
,233.000000=310.000000
,233.250000=155.000000
,233.375000=310.000000
,233.625000=155.000000
,233.750000=310.000000
,234.000000=155.000000
,234.125000=310.000000
,234.375000=155.000000
,267.000000=77.500000
,268.250000=155.000000
;
#STOPS:;
#DELAYS:;
#WARPS:
;
#TIMESIGNATURES:0.000000=4=4
;
#TICKCOUNTS:0.000000=8
,17.000000=2
,17.500000=0
,19.000000=48
,21.000000=4
,53.000000=2
,65.000000=4
,65.250000=0
,65.500000=4
,66.250000=0
,66.500000=4
,67.250000=8
,179.000000=4
,187.000000=8
,203.000000=1
,211.000000=2
,211.500000=0
,212.000000=2
,212.500000=0
,213.000000=2
,213.500000=0
,214.000000=2
,214.500000=8
,234.500000=16
,234.625000=8
,234.750000=16
,234.875000=8
,235.000000=16
,235.125000=8
,235.250000=16
,235.375000=8
,235.500000=4
,267.000000=16
,268.250000=8
;
#COMBOS:0.000000=1
;
#SPEEDS:
0.000000=1.000000=0.000000=0
,67.000000=0.100000=0.250000=0
,67.250000=1.000000=3.750000=0
,203.000000=0.700000=8.000000=0
,211.000000=0.685000=0.500000=0
,211.500000=0.670000=1.000000=0
,212.000000=0.655000=0.500000=0
,212.500000=0.640000=1.000000=0
,213.000000=0.625000=0.500000=0
,213.500000=0.610000=1.000000=0
,214.000000=0.595000=0.500000=0
,214.500000=0.550000=2.500000=0
,217.000000=1.000000=1.500000=0
,234.500000=999.000000=0.062500=0
,234.562500=1.000000=0.062500=0
,234.750000=999.000000=0.062500=0
,234.812500=1.000000=0.062500=0
,235.000000=999.000000=0.062500=0
,235.062500=1.000000=0.062500=0
,235.250000=999.000000=0.062500=0
,235.312500=1.000000=0.062500=0
,267.000000=0.050000=0.062500=0
,267.062500=1.000000=0.062500=0
;
#SCROLLS:
0.000000=1.000000
,179.250000=0.000000
,179.500000=1.000000
,179.750000=0.000000
,180.000000=1.000000
,180.250000=0.000000
,180.500000=1.000000
,180.750000=0.000000
,181.000000=1.000000
,181.250000=0.000000
,181.500000=1.000000
,181.750000=0.000000
,182.000000=1.000000
,182.250000=0.000000
,182.500000=1.000000
,182.750000=0.000000
,183.000000=1.000000
,183.250000=0.000000
,183.500000=1.000000
,183.750000=0.000000
,184.000000=1.000000
,184.250000=0.000000
,184.500000=1.000000
,184.750000=0.000000
,185.000000=1.000000
,185.250000=0.000000
,185.500000=1.000000
,185.750000=0.000000
,186.000000=1.000000
,186.250000=0.000000
,186.500000=1.000000
,186.750000=0.000000
,187.000000=1.000000
,233.250000=0.000000
,233.375000=1.000000
,233.625000=0.000000
,233.750000=1.000000
,234.000000=0.000000
,234.125000=1.000000
,234.375000=0.000000
,234.500000=1.000000
;
#FAKES:;
#LABELS:0.000000=Song Start
;
#NOTES:
00000
00000
00000
00000
,
00000
00000
00000
00000
,
00000
00000
00000
00000
,
00000
00000
00000
00000
,
00000
02020
00000
00000
,
03000
00000
00030
00000
10000
00100
01000
00010
10000
00100
01000
00010
00100
00001
00000
00001
,
01000
00000
01100
00000
00001
00100
00010
01000
00001
00100
00010
01000
00100
10000
00000
10000
,
00010
00000
00110
00000
10000
00100
01000
00010
10000
00100
01000
00010
00100
00001
00000
00001
,
01000
00000
01100
00000
00001
00100
00010
01000
00100
10000
01000
00100
00010
00100
00001
10000
,
00010
01000
00010
01000
00001
00100
00010
01000
00001
00100
00010
01000
00100
10000
00000
10000
,
00010
00000
00110
00000
10000
00100
01000
00010
10000
00100
01000
00010
00100
00001
00000
00001
,
01000
00000
01100
00000
00001
00100
00010
01000
00001
00100
00010
01000
00100
10000
00000
10000
,
00010
00000
00110
00000
01000
00010
00100
00001
10000
00010
00100
00001
01000
00100
10000
00001
,
00100
10000
01000
00100
20000
00000
00000
00000
00000
00000
30000
00000
02000
00000
00000
00000
,
00000
03000
00002
00003
00020
00000
00000
00000
,
00000
00030
00200
00000
00000
00300
00002
00000
,
00000
00000
00003
00000
20000
00000
30000
00020
02000
00000
03030
00000
01110
00000
00000
00000
,
00000
00000
00000
00000
00000
00000
00000
00000
00000
00000
00000
00000
00200
00300
00001
01000
,
00020
00030
20000
30000
00200
00300
00002
00003
00020
00030
00200
00300
00002
00003
10000
00010
,
00200
00300
00002
00003
00020
00030
00200
00300
02000
03000
00020
00030
00200
00300
00001
01000
,
00200
00300
20000
30000
02000
03000
00200
00300
00020
00030
02000
03000
00200
00300
10000
00010
,
00200
00300
00002
00003
00020
00030
00100
01000
00020
00030
00100
00001
02000
03000
00200
00300
,
20000
30000
02000
03000
00200
00300
00020
00030
00200
00300
00001
01000
00200
00300
10000
01000
,
00200
00300
00020
00030
02000
03000
00200
00300
20000
30000
00010
00100
00002
00003
00010
00100
,
02000
03000
00020
00030
20000
30000
00002
00003
00100
00010
00100
00010
02000
00000
00000
00000
,
03000
00000
00002
00000
00000
00000
00000
00000
20000
00000
30003
00000
00020
00030
01000
00100
,
20000
30000
01000
00100
00020
00030
01000
00100
20000
30000
01000
00100
00020
00030
01000
00100
,
20000
30000
01000
00100
00010
01000
00100
00010
00100
01000
00010
00100
00002
00003
00010
00100
,
02000
03000
00010
00100
00002
00003
00020
00030
00200
00300
02000
03000
00020
00030
00200
00300
,
00002
00003
02000
03000
00020
00000
00000
00030
10000
00100
10000
00100
02000
03000
00010
00100
,
00002
00003
00010
00100
02000
03000
00010
00100
00002
00003
00010
00100
02000
03000
00010
00100
,
00002
00003
00010
00100
01000
00010
00100
01000
00100
00010
01000
00100
20000
30000
01000
00100
,
00020
00030
01000
00100
20000
30000
02000
03000
00200
00300
00020
00030
02000
03000
00200
00300
,
20000
00000
00020
00000
00000
30030
00000
00000
20000
30000
00200
00300
02000
03000
00010
10000
,
00200
00300
00001
00010
00200
00300
00001
00010
00200
00300
01000
00010
00200
00300
00001
01000
,
00200
00300
10000
00010
01000
00100
10000
01000
00100
00010
01000
00100
20000
30000
00010
01000
,
00200
00300
10000
00010
00200
00300
00002
00003
00020
00030
00200
00300
02000
03000
00020
00030
,
00200
00300
00002
00003
02000
00000
00000
03000
00100
10000
00100
10000
00020
00030
01000
00001
,
00200
00300
10000
01000
00200
00300
10000
01000
00200
00300
00010
01000
00200
00300
10000
00010
,
00200
00300
00001
01000
00010
00100
00001
00010
00100
01000
00010
00100
00002
00003
01000
00010
,
00200
00300
00001
01000
00200
00300
20000
30000
02000
03000
00200
00300
00020
00030
00200
00300
,
00002
00000
02000
00000
00000
00000
00000
00000
00000
03003
00000
00000
01000
00100
01000
00100
,
20020
00000
30030
00000
01000
00100
00000
00100
10000
00000
10000
01000
00100
00010
01000
00100
,
00010
10000
00010
00100
01000
00010
00100
00002
02000
00003
03000
00000
00010
00100
00010
00100
,
02002
00000
03003
00000
00010
00100
00000
00100
00001
00000
00001
01000
00100
00000
10000
00000
,
01000
00100
00010
01000
00001
00100
10000
01000
,
00100
00000
10000
00000
00010
00000
00100
00000
00001
00000
01000
00000
00010
00100
00010
00100
,
02002
00000
03003
00000
00010
00100
00000
00100
00001
00000
00001
00010
00100
01000
00010
00100
,
01000
00001
01000
00100
00010
00100
00001
01000
00010
00100
00001
01000
00010
00100
00010
00100
,
02002
00000
03003
00000
00010
00100
00000
00100
00001
00000
00001
00100
10000
01000
00000
01000
,
00100
00000
00100
10000
00000
10000
01000
00000
01000
00100
00010
01000
00200
00000
00000
00000
,
00000
00000
00300
20000
,
00000
00000
30000
00002
,
00000
00000
00000
00000
00000
00000
00000
00000
00003
00000
00100
00010
02000
00000
00000
00000
,
03000
00000
00002
00000
00000
00000
00000
00000
20000
00000
30003
00000
00010
00100
00001
01000
,
00100
10000
00010
01000
00100
10000
01000
10000
00100
01000
00010
00100
00001
01000
00010
00100
,
00001
01000
00010
00100
00001
00010
00001
00100
00010
01000
00100
10000
01000
00100
00010
01000
,
00100
00010
00100
01000
00010
00100
01000
00100
00010
01000
00100
20000
00002
00000
00000
00000
,
00000
00000
30000
00000
00003
00000
00000
00000
01000
00000
00000
00010
00000
00000
01000
00000
00000
00010
00000
00000
01000
00000
00010
00000
01000
00000
00010
00000
10000
00000
00100
00000
,
01000
00010
10000
00100
01000
00010
00100
00001
00010
00001
00100
00010
01000
00100
10000
00010
,
01000
00100
10000
00010
01000
00100
10000
01000
10000
00100
01000
00010
00100
00001
01000
00010
,
00100
00001
01000
00010
00100
00001
00010
00001
00100
00010
01000
00100
10000
00010
00100
00001
,
00010
00100
01000
00010
00100
00001
01000
00010
10000
00100
01000
00010
00100
00001
00100
00010
,
01000
00100
10000
00010
01000
00001
00100
10000
01000
00010
00100
00001
10000
00010
01000
00100
,
10000
01000
00100
00010
10000
00100
01000
00100
10000
00001
00100
00010
01000
00100
10000
01000
,
00100
00010
01000
00001
00100
10000
01000
00100
10000
00010
01000
00100
10000
00010
00100
00001
,
00010
00100
10000
01000
00100
00010
01000
00100
10000
00001
00100
01000
10000
00000
00000
00000
,
00000
01000
10000
00010
00100
00001
00010
00100
01000
00020
00000
00000
00000
00000
00000
00000
,
00000
20000
00000
00000
00000
00000
00000
00000
00000
00000
00000
00000
00000
00000
00000
00000
,
00000
00000
00000
00000
00000
00000
00000
00000
00000
30030
00000
00000
00000
00000
00000
00000
;