#VERSION:0.81;
#TITLE:Selfishness;
#SUBTITLE:;
#ARTIST:SID-SOUND;
#TITLETRANSLIT:;
#SUBTITLETRANSLIT:;
#ARTISTTRANSLIT:;
#GENRE:WORLD MUISC;
#ORIGIN:;
#CREDIT:Andamiro;
#BANNER:1454.png;
#BACKGROUND:1454-wide.png;
#PREVIEWVID:1454_P.mpg;
#CDTITLE:;
#MUSIC:1454.mp3;
#OFFSET:-0.031000;
#SAMPLESTART:69.724983;
#SAMPLELENGTH:12.000000;
#SELECTABLE:YES;
#SONGTYPE:ARCADE;
#SONGCATEGORY:WORLD MUSIC;
#VOLUME:62;
#BPMS:0.000=160.000;
#TIMESIGNATURES:0.000=4=4;
#TICKCOUNTS:0.000=4;
#COMBOS:0.000=1;
#SPEEDS:0.000=1.000=0.000=0;
#SCROLLS:0.000=1.000;
#LABELS:0.000=Song Start;
#LASTSECONDHINT:117.815002;
#BGCHANGES:-10000.000=black.mpg=1.000=1=0=1===CrossFade==,
-0.300=1454.mpg=1.000=1=0=1=Centered==CrossFade==,
99999=-nosongbg-=1.000=0=0=0 // don't automatically add -songbackground-
;


//---------------pump-single - s3----------------
#NOTEDATA:;
#STEPSTYPE:pump-single;
#DESCRIPTION:s3;
#DIFFICULTY:Edit;
#METER:3;
#RADARVALUES:0.198942,0.226510,0.239218,0.059805,0.000000,128.000000,28.000000,7.000000,0.000000,0.000000,0.000000,0.000000,0.000000,0.198942,0.226510,0.239218,0.059805,0.000000,128.000000,28.000000,7.000000,0.000000,0.000000,0.000000,0.000000,0.000000;
#CREDIT:Andamiro;
#OFFSET:-0.031000;
#BPMS:0.000000=160.000000
;
#STOPS:;
#DELAYS:;
#WARPS:;
#TIMESIGNATURES:0.000000=4=4
;
#TICKCOUNTS:0.000000=2
;
#COMBOS:0.000000=1
;
#SPEEDS:0.000000=1.000000=0.000000=0
;
#SCROLLS:0.000000=1.000000
;
#FAKES:;
#LABELS:0.000000=Song Start
;
#NOTES:
00000
00000
00000
00000
,
00000
00000
00000
00000
,
00000
00000
00000
00000
,
00000
00000
00000
00000
,
00000
00000
00000
00000
,
01000
00000
00010
00000
,
10000
00000
00001
00000
,
01001
00000
10010
00000
,
00100
00000
01000
00000
,
00010
00000
00100
00000
,
00001
00000
10000
00000
,
00010
00000
01000
00000
,
00100
00000
10000
00000
,
10100
00000
00000
00000
,
00000
00000
00000
00000
,
00010
00000
01000
00000
,
00001
00000
00001
00000
,
01000
00000
00010
00000
,
10000
00000
10000
00000
,
00100
00000
01000
00000
,
00010
00000
10000
00000
,
00001
00000
10001
00000
,
00000
00000
00000
00000
,
01000
00000
01000
00000
,
00001
00000
00001
00000
,
10000
00000
10000
00000
,
00010
00000
00010
00000
,
01000
00000
00001
00000
,
10000
00000
00010
00000
,
01000
00000
00100
00000
,
10001
00000
00000
00000
,
10000
00000
10100
00000
,
00001
00000
00101
00000
,
01001
00000
00000
00000
,
00000
00000
00000
00000
,
00001
00000
00101
00000
,
10000
00000
10100
00000
,
10010
00000
00000
00000
,
00000
00000
00000
00000
,
10000
00000
10100
00000
,
00001
00000
00101
00000
,
01000
00000
01100
00000
,
00010
00000
00110
00000
,
10000
00000
10010
00000
,
00001
00000
01001
00000
,
20002
00000
00000
00000
,
00000
30003
00000
00000
,
01000
00100
01000
00000
,
00010
00100
00010
00000
,
10000
00100
10000
00000
,
00001
00100
00001
00000
,
01000
00000
00010
00000
,
00100
00000
00001
00000
,
10000
00000
00010
00000
,
01000
00000
01001
00000
,
00010
00100
00010
00000
,
01000
00100
01000
00000
,
00001
00100
00001
00000
,
10000
00100
10000
00000
,
00010
00000
01000
00000
,
00100
00000
10000
00000
,
00001
00000
01000
00000
,
00010
00000
10010
00000
,
02002
00000
00000
03003
,
00000
00000
00000
00000
,
00000
00000
00000
00000
,
20002
00000
00000
30003
,
00010
00000
01000
00000
,
00001
00000
10000
00000
,
00100
00000
01000
00000
,
00010
00000
10000
00000
,
10010
00000
10100
00000
,
10001
00000
00101
00000
,
01001
00000
00010
00000
,
10000
00000
00001
00000
,
02001
00000
00000
03000
;

//---------------pump-single - s6----------------
#NOTEDATA:;
#STEPSTYPE:pump-single;
#DESCRIPTION:s6;
#DIFFICULTY:Edit;
#METER:6;
#RADARVALUES:0.475995,0.517736,0.683480,0.393001,0.000000,264.000000,80.000000,46.000000,0.000000,0.000000,0.000000,0.000000,0.000000,0.475995,0.517736,0.683480,0.393001,0.000000,264.000000,80.000000,46.000000,0.000000,0.000000,0.000000,0.000000,0.000000;
#CREDIT:Andamiro;
#OFFSET:-0.031000;
#BPMS:0.000000=160.000000
;
#STOPS:;
#DELAYS:;
#WARPS:;
#TIMESIGNATURES:0.000000=4=4
;
#TICKCOUNTS:0.000000=4
;
#COMBOS:0.000000=1
;
#SPEEDS:0.000000=1.000000=0.000000=0
;
#SCROLLS:0.000000=1.000000
;
#FAKES:;
#LABELS:0.000000=Song Start
;
#NOTES:
00000
00000
00000
00000
,
10100
10000
00000
20020
00000
00000
00000
30030
,
00000
10010
00000
00000
01001
00000
00000
00000
,
00101
00001
00000
00101
00001
00000
00101
20000
,
00000
00000
00000
30000
00020
00000
00000
00030
,
02000
00000
00000
00000
00000
03000
00200
00300
,
20000
00000
00000
30000
00002
00000
00003
00000
,
00101
01100
00110
10100
,
00020
00000
00000
00030
00200
00300
00002
00003
,
20000
00000
00000
30000
00200
00000
00000
00300
,
02000
03000
00002
00003
00200
00300
00020
00030
,
20000
00000
00000
30000
00200
00000
00000
00300
,
02000
03000
00000
01100
00002
00000
00003
00000
,
00101
00101
00000
00000
00000
00000
00000
00000
,
00000
00101
00000
00000
00101
00000
00000
00000
,
01000
00010
10000
10000
,
10100
00000
00001
00001
,
00101
10000
00010
00010
,
01000
00000
01000
00000
00002
00000
00000
00003
,
00000
00100
00010
01000
,
00200
00300
01000
00010
,
00200
00000
00300
00002
20000
00000
00000
00000
,
00000
00000
30003
00000
,
01010
01000
00001
00001
,
00101
00000
10000
10000
,
00010
00110
01000
01100
,
00001
00101
20000
30000
,
00100
01000
00010
00010
,
20000
30000
00010
01000
,
00200
00000
00300
00100
,
10001
00000
00000
00010
,
10000
10100
00000
10010
,
01000
01000
01100
00000
,
00101
00001
00000
02002
00000
00000
00000
03003
,
00000
01001
00000
00000
10010
00000
01000
00000
,
00001
00101
00000
01001
,
00010
00010
00110
00000
,
10100
10000
00000
20020
00000
00000
00000
30030
,
00000
10010
00000
00000
01001
00000
00010
00000
,
10000
10100
00010
00110
,
10000
10100
00001
00101
,
01000
01100
00010
00110
,
20000
30000
00010
01000
,
00001
00101
01000
01100
,
00001
00101
10000
10100
,
00000
00001
10000
00000
10000
00010
00000
00010
,
01000
00000
01000
00001
00000
00000
00000
00000
,
01000
01100
00010
00110
,
10000
10100
00001
00101
,
01000
01001
00010
10010
,
01000
01100
00010
00110
,
01000
00100
01000
00100
10000
00001
10000
00001
,
00100
00010
00100
00010
01000
00100
10000
00001
,
01000
01100
00010
00110
,
10000
10100
20002
30003
,
00010
00110
01000
01100
,
00001
00101
10000
10100
,
00010
10010
01000
01001
,
00010
00110
01000
01100
,
00001
00100
00001
10000
00010
01000
00100
10000
,
00001
01000
00010
00100
00001
10000
00100
01000
,
00100
10000
00010
10000
00100
01000
00010
00100
,
00002
00003
01001
00000
,
20020
00000
00000
30030
,
00000
00000
00000
00000
,
00000
00000
00000
00000
,
20002
00000
00000
30003
,
02000
00000
00000
00000
00000
03000
00100
00000
,
10000
00000
20100
00000
00000
30000
00010
01000
,
00200
00300
01000
00010
00100
00001
10000
00100
,
01000
00010
00100
00001
10000
00000
10000
00000
,
10010
00000
10100
10010
,
00110
01010
01100
01001
,
00102
00000
00003
00000
00100
00010
00100
00001
,
10000
00100
10000
00001
00100
00001
10000
00100
,
02000
00000
00000
03000
;

//---------------pump-single - s11----------------
#NOTEDATA:;
#STEPSTYPE:pump-single;
#DESCRIPTION:s11;
#DIFFICULTY:Edit;
#METER:11;
#RADARVALUES:0.572415,0.585817,0.623676,0.529697,0.098250,334.000000,73.000000,62.000000,0.000000,0.000000,0.000000,0.000000,0.000000,0.572415,0.585817,0.623676,0.529697,0.098250,334.000000,73.000000,62.000000,0.000000,0.000000,0.000000,0.000000,0.000000;
#CREDIT:Andamiro;
#OFFSET:-0.031000;
#BPMS:0.000000=160.000000
;
#STOPS:;
#DELAYS:;
#WARPS:;
#TIMESIGNATURES:0.000000=4=4
;
#TICKCOUNTS:0.000000=4
;
#COMBOS:0.000000=1
;
#SPEEDS:0.000000=1.000000=0.000000=0
;
#SCROLLS:0.000000=1.000000
;
#FAKES:;
#LABELS:0.000000=Song Start
;
#NOTES:
00000
00000
00000
00000
,
10000
00100
10000
00000
00000
00000
20020
00000
00000
00000
00000
00000
00000
00000
30030
00000
,
00000
10010
00000
00000
01001
00000
00000
00000
,
00001
00100
00001
00000
00000
00000
00001
00100
00001
00000
00000
00000
00101
00000
20000
00000
,
00000
00000
00000
30000
00020
00000
00000
00030
,
00002
00000
00000
00000
00000
00003
00200
00300
,
20000
00000
00000
30000
00002
00000
00003
00000
,
00101
01100
00110
10100
,
00020
00000
00000
00030
00200
00300
00002
00003
,
20000
00000
00000
30000
00020
00000
00000
00030
,
02000
03000
20000
30000
00200
00300
00002
00003
,
20000
00000
00000
30000
00020
00000
00000
00030
,
02000
03000
00000
01100
00002
00000
00003
00000
,
00101
00101
00000
00000
00000
00000
00000
00000
,
00000
00101
00000
00000
00101
00000
00000
00000
,
00100
00000
00000
00000
00010
00000
01000
00000
00001
00000
00000
00001
00000
00000
00001
00000
,
00101
00000
00000
00000
00000
00000
00101
00000
01000
00000
00000
01000
00000
00000
01000
00000
,
01100
00000
00000
00000
00020
00000
00030
00000
10000
00000
00000
10000
00000
00000
10000
00000
,
00001
00000
00000
00001
00000
00000
00001
00000
02000
00000
00000
00000
00000
00000
03000
00000
,
00000
00000
00000
00000
00100
00000
10000
00000
00001
00000
00000
00001
00000
00000
00001
00000
,
00102
00000
00003
02000
03010
00000
01010
00000
,
20000
00000
30000
00020
02000
00000
00000
00000
,
00000
00000
03030
00000
,
01010
00000
00000
00000
00010
00000
01000
00000
00001
00000
00000
00001
00000
00000
00001
00000
,
00102
00000
00000
00000
00003
00000
01000
00000
00010
00000
00000
00010
00000
00000
00010
00000
,
10000
00000
00000
00000
10100
00000
00000
00000
00001
00000
00000
00001
00000
00000
00001
00000
,
01000
00000
00000
01000
00000
00000
01000
00000
00020
00000
00000
00000
00030
00000
00000
00000
,
00110
00000
00000
00000
02000
00000
03000
00000
00001
00000
00000
00001
00000
00000
00001
00000
,
20000
30000
00000
10100
10000
00002
00003
01000
,
00020
00000
00000
00030
00000
00010
00100
00001
,
10000
00000
00000
10000
00000
00000
10000
00000
00020
00000
00000
00000
01030
00000
00000
00000
,
00100
00000
10100
00010
00000
00000
00110
00000
,
01000
00000
00000
01000
00000
00000
01000
00000
01100
00000
00000
00000
01100
00000
00001
00000
,
00001
00100
00001
00000
00000
00000
02002
00000
00000
00000
00000
00000
00000
00000
03003
00000
,
00000
01001
00000
00000
10010
00000
02000
00000
,
03001
00000
00101
10000
00000
00000
10100
00000
,
00001
00000
00000
00001
00000
00000
00001
00000
01000
00000
00000
00000
01100
00000
00010
00000
,
10000
00100
10000
00000
00000
00000
20020
00000
00000
00000
00000
00000
00000
00000
30030
00000
,
00000
10010
00000
00000
01001
00000
00101
20000
,
30000
00000
10010
00000
10100
00001
01000
00020
,
00030
00000
00110
00100
00001
20000
30000
00020
,
00030
00000
00110
00000
00110
20000
30000
00002
,
00000
00003
00000
00101
01000
00000
01100
00002
,
00003
00000
00000
10000
10100
00010
00110
20000
,
30000
00000
00000
00000
00000
00000
10100
00000
00001
00000
00000
00001
00000
00000
00001
00000
,
00000
00101
10000
00000
10100
00010
00000
00110
,
01000
00000
01100
00001
20000
00000
30000
00000
,
00010
00110
01000
01100
,
00001
00100
00001
10000
00010
01000
00100
10000
,
00010
10010
01000
01001
,
10000
00100
10000
00001
01000
00010
00100
00001
,
01000
00100
10000
00001
01000
00100
00010
00001
,
00100
10000
00010
00001
00100
00001
01000
00100
,
01100
00000
10000
00001
00100
00010
00000
02020
,
00000
03030
00000
00100
00002
00000
00003
00000
,
01000
01100
00010
00110
,
10000
00100
10000
00001
01000
00010
00100
00001
,
01000
01001
00010
10010
,
00001
00100
00001
10000
00010
01000
00100
10000
,
00010
00100
00001
10000
00010
00100
01000
10000
,
00100
00001
01000
10000
00100
10000
01000
00001
,
00100
10000
00010
10000
01000
00100
00010
00100
,
00002
00003
00000
01001
00000
00000
01100
00000
,
20020
00000
00000
30030
,
00000
00000
00000
00000
,
00000
00000
00000
00000
,
20002
00000
00000
30003
,
02000
00000
00000
00000
00000
03000
00100
10000
,
00001
00000
00102
00000
00000
00003
01000
00100
,
00020
00030
00100
01000
00010
00100
01000
00100
,
00010
00000
01000
00000
00100
00000
10000
00000
00001
00000
00000
00001
00000
00000
00001
00000
,
01000
10000
00100
00001
10000
00100
00001
00010
,
00100
01100
00100
00110
,
02002
00000
03003
00000
00010
00001
00100
10000
,
00001
00100
10000
01000
00100
10000
01000
00100
,
10010
00000
00000
00000
00000
00000
00000
10001
00000
00000
00000
00000
00000
01001
00000
00000
,
00000
00000
00000
01010
00000
00000
00000
00000
00000
00000
00000
00000
00000
00000
00000
00000
;

//---------------pump-single - s17----------------
#NOTEDATA:;
#STEPSTYPE:pump-single;
#DESCRIPTION:s17;
#DIFFICULTY:Edit;
#METER:17;
#RADARVALUES:0.781120,1.000000,0.512610,0.555328,1.000000,500.000000,60.000000,65.000000,0.000000,15.000000,0.000000,0.000000,0.000000,0.781120,1.000000,0.512610,0.555328,1.000000,500.000000,60.000000,65.000000,0.000000,15.000000,0.000000,0.000000,0.000000;
#CREDIT:Andamiro;
#OFFSET:-0.031000;
#BPMS:0.000000=160.000000
,86.000000=80.000000
;
#STOPS:;
#DELAYS:;
#WARPS:;
#TIMESIGNATURES:0.000000=4=4
;
#TICKCOUNTS:0.000000=8
,86.000000=16
,180.500000=12
,184.000000=16
;
#COMBOS:0.000000=1
;
#SPEEDS:0.000000=1.000000=0.000000=0
,5.500000=0.002000=0.125000=0
,5.625000=1.000000=2.875000=0
,88.125000=2.000000=0.875000=0
,109.750000=0.001000=0.062500=0
,109.812500=2.000000=1.437500=0
,117.750000=0.002000=0.062500=0
,117.812500=2.000000=1.437500=0
,175.000000=0.002000=0.062500=0
,175.062500=2.000000=1.937500=0
;
#SCROLLS:0.000000=1.000000
;
#FAKES:;
#LABELS:0.000000=Song Start
;
#NOTES:
00000
00000
00000
00000
,
10000
00100
10000
00000
00000
00000
20020
00000
00000
00000
00000
00000
00000
00000
00000
00000
,
30030
10110
00000
00000
01101
00000
00000
00000
,
00001
00100
00001
00000
00000
00000
00001
00100
00001
00000
00000
00000
01101
00000
20000
00000
,
00000
00000
00000
00000
00000
00000
00000
30000
00020
00000
00000
00000
00000
00000
00000
00030
,
00002
00000
00000
00000
00000
00000
00000
00000
00000
00000
00000
00003
00200
00000
00000
00300
,
20000
00000
00000
00000
00000
00000
00000
30000
00002
00000
00000
00000
00000
00000
00003
00000
,
00101
01100
00110
10100
,
00020
00000
00000
00000
00000
00000
00000
00030
00200
00000
00000
00300
00002
00000
00000
00003
,
20000
00000
00000
00000
00000
00000
00000
30000
00020
00000
00000
00000
00000
00000
00000
00030
,
02000
00000
00000
03000
20000
00000
00000
30000
00200
00000
00000
00300
00002
00000
00000
00003
,
20000
00000
00000
00000
00000
00000
00000
30000
00020
00000
00000
00000
00000
00000
00000
00030
,
02000
00000
00000
00000
00000
03000
00100
10000
00002
00000
00000
00000
00000
00000
00003
00000
,
10101
10101
00000
00000
00000
00000
00000
00000
,
00000
00000
10101
00000
00000
00000
00000
00000
10101
00000
00000
00000
00001
01000
00100
10000
,
00010
00000
00000
00000
00010
00000
01000
00000
00001
00000
00000
00001
00000
00000
00001
00000
,
00101
00000
00000
00000
00000
00000
00101
00000
01000
00000
00000
01000
00000
00000
01000
00000
,
01100
00000
00000
00000
00020
00000
00030
00000
10000
00000
00000
10000
00000
00000
10000
00000
,
00001
00000
00000
00001
00000
00000
00001
00000
02000
00000
00000
00000
00000
00000
03000
00000
,
00000
00000
00000
00000
00100
00000
10000
00000
00001
00000
00000
00001
00000
00000
00001
00000
,
00102
00000
00003
02000
00020
03030
01010
00000
,
20000
00000
00000
00000
00000
30000
00100
02000
00020
00000
00000
00000
00000
00000
00000
00000
,
00000
03030
00000
00000
00000
00000
00000
00000
01010
00000
00000
00000
00010
00000
01000
00000
00001
00000
00000
00001
00000
00000
00001
00000
00102
00000
00000
00000
00000
00003
01000
00000
,
00010
00000
00000
00010
00000
00000
00010
00000
10000
00000
00000
00000
10100
00000
00000
00000
00001
00000
00000
00001
00000
00000
00001
00000
01000
00000
00000
01000
00000
00000
01000
00000
,
00020
00000
00000
00000
00030
00000
00000
00000
00110
00000
00000
00000
02000
00000
00000
03000
00001
00000
00000
00001
00000
00000
00001
00000
20000
00000
00000
00000
30000
00000
10100
00000
,
10000
00000
00002
00000
00003
00000
01000
00000
00020
00000
00000
00000
00000
00000
00000
00000
00030
00000
00010
00000
00100
00000
00001
00000
10000
00000
00000
10000
00000
00000
10000
00000
,
00010
01000
00010
01000
00001
10000
00001
10000
00100
00000
00000
00000
10100
00000
00010
00000
00000
00000
00000
00000
00110
00000
00000
00000
01000
00000
00000
01000
00000
00000
01000
00000
,
01100
00000
00000
00000
01100
00000
00001
00000
00001
00100
00001
00000
00000
00000
02002
00000
00000
00000
00000
00000
00000
00000
00000
00000
03003
00000
01101
00000
00000
00000
00000
00000
,
10110
00000
00000
00000
00010
01000
00010
01000
00001
00000
00000
00000
00101
00000
10000
00000
00000
00000
00000
00000
10100
00000
00000
00000
00001
00000
00000
00001
00000
00000
00001
00000
,
01000
00000
00000
00000
01100
00000
00010
00000
10000
00100
10000
00000
00000
00000
20020
00000
00000
00000
00000
00000
00000
00000
00000
00000
30030
00000
10110
00000
00000
00000
00000
00000
,
01101
00000
00000
00000
00101
00000
20000
00000
00000
00000
30000
00000
10110
00000
00000
00000
10100
00000
00001
00000
00010
00000
00100
01000
00020
00000
00000
00000
00030
00000
00100
00000
,
00001
00000
20000
00000
00000
30000
00020
00000
00000
00000
00030
00000
00110
00000
00000
00000
00110
00000
20000
00000
00000
30000
00002
00000
00000
00000
00000
00000
00003
00000
00101
00000
,
02000
00000
03000
00000
01100
00000
00100
10000
00002
00000
00000
00000
00003
00000
00101
00000
00001
00000
10000
00000
01000
00000
00100
00010
02000
00000
00000
00000
03000
00000
01100
00000
,
00001
00000
00000
00001
00000
00000
00001
00000
00000
00000
00101
00000
10000
00000
00000
00000
10100
00000
00010
00000
00000
00000
00110
00000
01000
00000
00000
00000
01100
00000
00001
00000
,
00100
00000
00100
00000
00010
01000
00010
01000
00100
10000
01000
00000
00100
00010
01000
00000
00100
10000
01000
00000
00100
00010
01000
00000
10000
00000
00100
00000
00001
00000
10000
00000
,
00100
00000
00002
00000
00003
00000
00010
00000
00100
00001
00010
00000
00100
01000
00010
00000
00100
00001
00010
00000
00100
01000
00010
00000
00001
00000
00100
00000
10000
00000
00002
00000
,
00000
00000
00003
00000
01001
00000
00000
00000
00010
00100
00010
00100
00010
10000
00010
10000
00001
10000
00001
10000
00001
01000
00001
01000
00100
01000
00100
01000
00010
00100
00001
10000
,
00010
01000
00100
10000
00001
00100
00010
00100
00001
10000
00100
01000
00010
10000
00100
01000
00001
01000
00100
10000
00001
00100
00010
00100
00002
00000
00000
00000
00000
00003
00100
00010
,
20000
00000
30000
00001
00100
00000
00101
00000
00100
00001
00010
00000
00100
01000
00010
00000
00100
00001
00010
00000
00100
01000
00010
00000
00001
00000
00100
00000
10000
00000
00001
00000
,
00100
00000
20000
00000
30000
00000
01000
00000
00100
10000
01000
00000
00100
00010
01000
00000
00100
10000
01000
00000
00100
00010
02000
00000
00000
00000
03000
00000
01100
00000
00002
00000
,
00000
00003
20000
00000
00000
30000
00020
00030
01000
00100
01000
00100
01000
00001
01000
00001
10000
00001
10000
00001
10000
00010
10000
00010
00100
00010
00100
00010
01000
00100
10000
00001
,
01000
00010
00100
00001
10000
00100
01000
00100
10000
00001
00100
00010
01000
00001
00100
00010
10000
00010
00100
00010
00001
00010
00100
01000
20000
00000
00000
00000
30000
00000
10010
00000
,
00000
00000
00000
00000
00010
01000
00010
01000
00001
00000
00000
00000
01000
00000
01000
00000
01100
00000
00000
00000
01001
00000
00000
00000
00001
00000
00000
00001
00000
00000
00001
00000
,
00101
00000
10000
00000
00000
00000
00000
00000
00100
00000
00100
00000
00000
00000
01000
00010
01000
00000
00000
00000
00000
00000
00100
00000
20002
00000
00000
00000
00000
00000
00000
00000
,
00000
00000
00000
30003
02000
00000
00000
00000
00000
03000
00100
10000
00001
00000
00102
00000
,
00000
00000
00000
00003
00000
00000
01000
00000
00100
00000
10000
00000
00002
00000
00000
00000
00003
00000
00100
00000
10000
00000
01000
00000
00100
00000
10000
00000
01000
00000
00100
00000
00010
00000
01000
00000
00100
00000
01000
00000
00001
00000
01000
00000
00100
00000
10000
00000
,
00001
00000
00000
00001
00000
00000
00001
00000
01000
00100
01000
00100
01000
00100
01000
00100
01000
00001
01000
00001
10000
00001
10000
00001
10000
00010
10000
00010
01000
00010
01000
00010
,
01000
10000
01000
10000
00010
00001
00010
00001
00100
00010
01000
00100
01000
00010
10000
00100
01000
00100
00010
00001
00010
00100
00010
00001
00100
10000
01000
00100
01000
10000
00100
00001
,
00010
10000
01000
00100
10000
01000
00100
00020
02000
00000
00000
00000
00000
03030
00000
01110
00000
00000
00000
00000
00000
10110
00000
00000
00000
00000
00000
01101
00000
00000
00000
00000
;

//---------------pump-double - d12 HalfDouble----------------
#NOTEDATA:;
#STEPSTYPE:pump-double;
#DESCRIPTION:d12 HalfDouble;
#DIFFICULTY:Edit;
#METER:12;
#RADARVALUES:0.574856,0.520727,0.649306,0.521154,0.098250,334.000000,76.000000,61.000000,0.000000,0.000000,0.000000,0.000000,0.000000,0.574856,0.520727,0.649306,0.521154,0.098250,334.000000,76.000000,61.000000,0.000000,0.000000,0.000000,0.000000,0.000000;
#CREDIT:Andamiro;
#OFFSET:-0.031000;
#BPMS:0.000000=160.000000
;
#STOPS:;
#DELAYS:;
#WARPS:;
#TIMESIGNATURES:0.000000=4=4
;
#TICKCOUNTS:0.000000=4
;
#COMBOS:0.000000=1
;
#SPEEDS:0.000000=1.000000=0.000000=0
;
#SCROLLS:0.000000=1.000000
;
#FAKES:;
#LABELS:0.000000=Song Start
;
#NOTES:
0000000000
0000000000
0000000000
0000000000
,
0000100000
0000001000
0000100000
0000000000
0000000000
0000000000
0000202000
0000000000
0000000000
0000000000
0000000000
0000000000
0000000000
0000000000
0000303000
0000000000
,
0000000000
0000101000
0000000000
0000000000
0001010000
0000000000
0000000000
0000000000
,
0000010000
0001000000
0000010000
0000000000
0000000000
0000000000
0000010000
0001000000
0000010000
0000000000
0000000000
0000000000
0001010000
0000000000
0020000000
0000000000
,
0000000000
0000000000
0000000000
0030000000
0002000000
0000000000
0000000000
0003000000
,
0000200000
0000000000
0000000000
0000000000
0000000000
0000300000
0000020000
0000030000
,
0000002000
0000000000
0000000000
0000003000
0000000200
0000000000
0000000300
0000000000
,
0000001100
0000011000
0000110000
0001100000
,
0020000000
0000000000
0000000000
0030000000
0000200000
0000300000
0002000000
0003000000
,
0000002000
0000000000
0000000000
0000003000
0000020000
0000000000
0000000000
0000030000
,
0002000000
0003000000
0000200000
0000300000
0000020000
0000030000
0000002000
0000003000
,
0000000200
0000000000
0000000000
0000000300
0000200000
0000000000
0000000000
0000300000
,
0000002000
0000003000
0000000000
0000101000
0000000200
0000000000
0000000300
0000000000
,
0000100100
0000100100
0000000000
0000000000
0000000000
0000000000
0000000000
0000000000
,
0000000000
0000100100
0000000000
0000000000
0000100100
0000000000
0000000000
0000000000
,
0020000000
0000000000
0030000000
0000000000
0001000000
0000000000
0000100000
0000000000
0000010000
0000000000
0000000000
0000010000
0000000000
0000000000
0000010000
0000000000
,
0000110000
0000000000
0000000000
0000000000
0000000000
0000000000
0000110000
0000000000
0000001000
0000000000
0000000000
0000001000
0000000000
0000000000
0000001000
0000000000
,
0000101000
0000000000
0000000000
0000000000
0000000200
0000000000
0000000300
0000000000
0000100000
0000000000
0000000000
0000100000
0000000000
0000000000
0000100000
0000000000
,
0000010000
0000000000
0000000000
0000010000
0000000000
0000000000
0000010000
0000000000
0020000000
0000000000
0000000000
0000000000
0000000000
0000000000
0030000000
0000000000
,
0000000000
0000000000
0000000000
0000000000
0000001000
0000000000
0001000000
0000000000
0000100000
0000000000
0000000000
0000100000
0000000000
0000000000
0000100000
0000000000
,
0010200000
0000000000
0000300000
0002000000
0003001000
0000000000
0001001000
0000000000
,
0020000100
0000000000
0030000000
0000002000
0002000000
0000000000
0000000000
0000000000
,
0000000000
0000000000
0003003000
0000000000
,
0001001000
0000000000
0000000000
0000000000
0000001000
0000000000
0001000000
0000000000
0000100000
0000000000
0000000000
0000100000
0000000000
0000000000
0000100000
0000000000
,
0010200000
0000000000
0000000000
0000000000
0000300000
0000000000
0001000000
0000000000
0000001000
0000000000
0000000000
0000001000
0000000000
0000000000
0000001000
0000000000
,
0010000000
0000000000
0000000000
0000000000
0010100000
0000000000
0000000000
0000000000
0000010000
0000000000
0000000000
0000010000
0000000000
0000000000
0000010000
0000000000
,
0001000000
0000000000
0000000000
0001000000
0000000000
0000000000
0001000000
0000000000
0000002000
0000000000
0000000000
0000000000
0000003000
0000000000
0000000000
0000000000
,
0001001000
0000000000
0000000000
0000000000
0000000200
0000000000
0000000300
0000000000
0000100000
0000000000
0000000000
0000100000
0000000000
0000000000
0000100000
0000000000
,
0000020000
0000030000
0000000000
0000110000
0000010000
0020000000
0030000000
0000001000
,
0002000000
0000000000
0000000000
0003000000
0000000000
0001000000
0000001000
0001000000
,
0000100000
0000000000
0000000000
0000100000
0000000000
0000000000
0000100000
0000000000
0020000000
0000000000
0000000000
0000000000
0030000100
0000000000
0000000000
0000000000
,
0010000000
0000000000
0010100000
0000001000
0000000000
0000000000
0000101000
0000000000
,
0001000000
0000000000
0000000000
0001000000
0000000000
0000000000
0001000000
0000000000
0001010000
0000000000
0000000000
0000000000
0010010000
0000000000
0001000000
0000000000
,
0000010000
0001000000
0000010000
0000000000
0000000000
0000000000
0002020000
0000000000
0000000000
0000000000
0000000000
0000000000
0000000000
0000000000
0003030000
0000000000
,
0000000000
0001010000
0000000000
0000000000
0000101000
0000000000
0020000000
0000000000
,
0030000100
0000000000
0000010100
0001000000
0000000000
0000000000
0001010000
0000000000
,
0000001000
0000000000
0000000000
0000001000
0000000000
0000000000
0000001000
0000000000
0000101000
0000000000
0000000000
0000000000
0000100100
0000000000
0000001000
0000000000
,
0000100000
0000001000
0000100000
0000000000
0000000000
0000000000
0000202000
0000000000
0000000000
0000000000
0000000000
0000000000
0000000000
0000000000
0000303000
0000000000
,
0000000000
0000101000
0000000000
0000000000
0001010000
0000000000
0000110000
0002000000
,
0003000000
0000000000
0001010000
0000000000
0001010000
0000010000
0000100000
0000002000
,
0000003000
0000000000
0000101000
0000100000
0000010000
0020000000
0030000000
0002000000
,
0000000000
0003000000
0000200000
0000300000
0000010000
0000002000
0000003000
0000000200
,
0000000000
0000000300
0000000000
0000010100
0001000000
0000000000
0001010000
0000000200
,
0000000300
0000000000
0000000000
0010000000
0010100000
0000001000
0000101000
0020000000
,
0030000000
0000000000
0000000000
0000000000
0000000000
0000000000
0010100000
0000000000
0000001000
0000000000
0000000000
0000001000
0000000000
0000000000
0000001000
0000000000
,
0000000000
0001010000
0000000100
0000000000
0000101000
0010000000
0000000000
0010001000
,
0000100000
0000000000
0001000100
0000010000
0000200000
0000000000
0000300000
0000000000
,
0000001000
0000101000
0001000000
0001010000
,
0000001000
0000100000
0001000000
0000100000
0000001000
0001000000
0000100000
0010000000
,
0000010000
0001010000
0000100000
0000101000
,
0001000000
0000010000
0000001000
0000010000
0001000000
0000001000
0001001000
0000000000
,
0010000000
0000100000
0000001000
0000000100
0000010000
0001000000
0010000000
0000100000
,
0000001000
0000100000
0010000000
0000000100
0000010000
0001000000
0010000000
0000000000
,
0011000000
0000000000
0010000000
0001000000
0000010000
0000000100
0000000000
0020000000
,
0000000000
0030000000
0000000000
0000110000
0000000200
0000000000
0000000300
0000000000
,
0001000000
0001010000
0000001000
0000101000
,
0001000000
0000010000
0000001000
0000010000
0001000000
0000001000
0000010000
0000000100
,
0000100000
0000101000
0000010000
0001010000
,
0000001000
0000100000
0001000000
0000100000
0000001000
0001000000
0000010000
0000100000
,
0000000100
0000010000
0001000000
0010000000
0000100000
0000001000
0000000100
0000010000
,
0001000000
0000010000
0000000100
0010000000
0000100000
0000001000
0000000100
0000001000
,
0000100000
0010000000
0001000000
0000010000
0000000100
0000001000
0000100000
0010000000
,
0000020000
0000030000
0000000000
0001010000
0000000000
0000000000
0000101000
0000000000
,
0020000200
0000000000
0000000000
0030000300
,
0000000000
0000000000
0000000000
0000000000
,
0000000000
0000000000
0000000000
0000000000
,
0000220000
0000000000
0000000000
0000330000
,
0000002000
0000000000
0000000000
0000000000
0000000000
0000003000
0000100000
0000010000
,
0010000000
0000000000
0010200000
0000000000
0000000000
0000300000
0001000000
0000010000
,
0000002000
0000003000
0000010000
0001000000
0000001000
0000100000
0001000000
0000100000
,
0000001000
0000000000
0001000000
0000000000
0000010000
0000000000
0000001000
0000000000
0000000100
0000000000
0000000000
0000000100
0000000000
0000000000
0000000100
0000000000
,
0000001000
0000010000
0000100000
0000001000
0000000100
0000001000
0000100000
0001000000
,
0011000000
0001100000
0000110000
0000011000
,
0000001100
0000000000
0000001000
0000010000
0000100000
0001000000
0000010000
0001000000
,
0010000000
0001000000
0000100000
0000010000
0000001000
0000100000
0000001000
0000000100
,
0000100100
0000000000
0000000000
0000000000
0000000000
0000000000
0000000000
0000110000
0000000000
0000000000
0000000000
0000000000
0000000000
0010010000
0000000000
0000000000
,
0000000000
0000000000
0000000000
0010000100
0000000000
0000000000
0000000000
0000000000
0000000000
0000000000
0000000000
0000000000
0000000000
0000000000
0000000000
0000000000
;

//---------------pump-double - d18----------------
#NOTEDATA:;
#STEPSTYPE:pump-double;
#DESCRIPTION:d18;
#DIFFICULTY:Edit;
#METER:18;
#RADARVALUES:0.840925,1.000000,0.692024,0.529697,1.000000,527.000000,81.000000,62.000000,0.000000,18.000000,0.000000,0.000000,0.000000,0.840925,1.000000,0.692024,0.529697,1.000000,527.000000,81.000000,62.000000,0.000000,18.000000,0.000000,0.000000,0.000000;
#CREDIT:Andamiro;
#OFFSET:-0.031000;
#BPMS:0.000000=160.000000
,86.000000=80.000000
,104.000000=160.000000
,106.000000=80.000000
;
#STOPS:;
#DELAYS:;
#WARPS:;
#TIMESIGNATURES:0.000000=4=4
;
#TICKCOUNTS:0.000000=8
,86.000000=16
,104.000000=8
,106.000000=16
,181.500000=12
,185.000000=16
;
#COMBOS:0.000000=1
;
#SPEEDS:0.000000=1.000000=0.000000=0
,5.500000=0.002000=0.125000=0
,5.625000=1.000000=2.875000=0
,88.125000=2.000000=0.875000=0
,110.750000=0.001000=0.062500=0
,110.812500=2.000000=1.437500=0
,118.750000=0.002000=0.062500=0
,118.812500=2.000000=1.437500=0
,176.000000=0.002000=0.062500=0
,176.062500=2.000000=1.937500=0
;
#SCROLLS:0.000000=1.000000
,104.125000=0.000000
,104.250000=1.000000
,104.375000=0.000000
,104.500000=1.000000
,104.625000=0.000000
,104.750000=1.000000
,104.875000=0.000000
,105.000000=1.000000
,105.125000=0.000000
,105.250000=1.000000
,105.375000=0.000000
,105.500000=1.000000
,105.625000=0.000000
,105.750000=1.000000
,105.875000=0.000000
,106.000000=1.000000
;
#FAKES:;
#LABELS:0.000000=Song Start
;
#NOTES:
0000000000
0000000000
0000000000
0000000000
,
0000100000
0000001100
0000100000
0000000000
0000000000
0000000000
0000202000
0000000000
0000000000
0000000000
0000000000
0000000000
0000000000
0000000000
0000000000
0000000000
,
0000303000
0000101100
0000000000
0000000000
0011010000
0000000000
0000000000
0000000000
,
0000010000
0011000000
0000010000
0000000000
0000000000
0000000000
0000010000
0011000000
0000010000
0000000000
0000000000
0000000000
0011010000
0000000000
2000000000
0000000000
,
0000000000
0000000000
0000000000
0000000000
0000000000
0000000000
0000000000
3000000000
0002000000
0000000000
0000000000
0000000000
0000000000
0000000000
0000000000
0003000000
,
0000200000
0000000000
0000000000
0000000000
0000000000
0000000000
0000000000
0000000000
0000000000
0000000000
0000000000
0000300000
0000020000
0000000000
0000000000
0000030000
,
0000002000
0000000000
0000000000
0000000000
0000000000
0000000000
0000000000
0000003000
0000000002
0000000000
0000000000
0000000000
0000000000
0000000000
0000000003
0000000000
,
0000000101
0000010100
0000110000
0010100000
,
0200000000
0000000000
0000000000
0000000000
0000000000
0000000000
0000000000
0300000000
0020000000
0000000000
0000000000
0030000000
2000000000
0000000000
0000000000
3000000000
,
0000200000
0000000000
0000000000
0000000000
0000000000
0000000000
0000000000
0000300000
0002000000
0000000000
0000000000
0000000000
0000000000
0000000000
0000000000
0003000000
,
0000002000
0000000000
0000000000
0000003000
0000020000
0000000000
0000000000
0000030000
0020000000
0000000000
0000000000
0030000000
0000200000
0000000000
0000000000
0000300000
,
0000020000
0000000000
0000000000
0000000000
0000000000
0000000000
0000000000
0000030000
0002000000
0000000000
0000000000
0000000000
0000000000
0000000000
0000000000
0003000000
,
0000002000
0000000000
0000000000
0000000000
0000000000
0000000000
0000000000
0000000000
0000000000
0000003000
0000000000
0000000000
0000100000
0000000000
0000010000
0000000000
0020000000
0000000000
0000000000
0000000000
0000000000
0000000000
0000000000
0000000000
0000000000
0000000000
0000000000
0000000000
0030000000
0000000000
0000000000
0000000000
,
0010101000
0010101000
0000000000
0000000000
0000000000
0000000000
0000000000
0000000000
,
0000000000
0000000000
0010101000
0000000000
0000000000
0000000000
0000000000
0000000000
0010101000
0000000000
0000000000
0000000000
0000100000
0000001000
0001000000
0000010000
,
0020000000
0000000000
0030000000
0000000000
0001000000
0000000000
0000100000
0000000000
0000010000
0000000000
0000000000
0000010000
0000000000
0000000000
0000010000
0000000000
,
0000110000
0000000000
0000000000
0000000000
0000000000
0000000000
0000110000
0000000000
0000001000
0000000000
0000000000
0000001000
0000000000
0000000000
0000001000
0000000000
,
0000101000
0000000000
0000000000
0000000000
0000000200
0000000000
0000000300
0000000000
0000001000
0000000000
0000000000
0000001000
0000000000
0000000000
0000001000
0000000000
,
0000000010
0000000000
0000000000
0000000010
0000000000
0000000000
0000000010
0000000000
0000020000
0000000000
0000000000
0000000000
0000000000
0000000000
0000030000
0000000000
,
0000000000
0000000000
0000000000
0000000000
0000001000
0000000000
0001000000
0000000000
0000100000
0000000000
0000000000
0000100000
0000000000
0000000000
0000100000
0000000000
,
0010200000
0000000000
0000300000
0002000000
0000002000
0003003000
0001001000
0000000000
,
0020000000
0000000000
0000000000
0000000000
0000000000
0030000000
0000100000
0002000000
0000002000
0000000000
0000000000
0000000000
0000000000
0000000000
0000000000
0000000000
,
0000000000
0003003000
0000000000
0000000000
0000000000
0000000000
0000000000
0000000000
0001001000
0000000000
0000000000
0000000000
0000001000
0000000000
0001000000
0000000000
0000100000
0000000000
0000000000
0000100000
0000000000
0000000000
0000100000
0000000000
0010200000
0000000000
0000000000
0000000000
0000000000
0000300000
0001000000
0000000000
,
0000001000
0000000000
0000000000
0000001000
0000000000
0000000000
0000001000
0000000000
0010000000
0000000000
0000000000
0000000000
0010100000
0000000000
0000000000
0000000000
0000010000
0000000000
0000000000
0000010000
0000000000
0000000000
0000010000
0000000000
0001000000
0000000000
0000000000
0001000000
0000000000
0000000000
0001000000
0000000000
,
0000002000
0000000000
0000000000
0000000000
0000003000
0000000000
0000000000
0000000000
0001001000
0000000000
0000000000
0000000000
0000000200
0000000000
0000000000
0000000300
0000010000
0000000000
0000000000
0000010000
0000000000
0000000000
0000010000
0000000000
0000000002
0000000000
0000000000
0000000000
0000000003
0000000000
0000000101
0000000000
,
0000000001
0000000000
0000020000
0000000000
0000030000
0000000000
0000001000
0000000000
0002000000
0000000000
0000000000
0000000000
0000000000
0000000000
0000000000
0000000000
0003000000
0000000000
0001000000
0000000000
0000001000
0000000000
0010000000
0000000000
0010101000
0000000000
0000000000
0001010100
0000000000
0000000000
0010101000
0000000000
,
0000100000
0000010000
0000100000
0000010000
0001000000
0000001000
0000100000
0000010000
0010000000
0000000000
0010100000
0000001000
0000000000
0000000000
0000101000
0000000000
,
0001000000
0000000000
0000000000
0001000000
0000000000
0000000000
0001000000
0000000000
0001010000
0000000000
0000000000
0000000000
0001010000
0000000000
0010000000
0000000000
0000010000
0011000000
0000010000
0000000000
0000000000
0000000000
0002020000
0000000000
0000000000
0000000000
0000000000
0000000000
0000000000
0000000000
0000000000
0000000000
,
0003030000
0000000000
0011010000
0000000000
0000000000
0000000000
0000000000
0000000000
0000101100
0000000000
0000000000
0000000000
0000100000
0000010000
0000001000
0000000100
0000010000
0000000000
0000000000
0000000000
0000010100
0000000000
0001000000
0000000000
0000000000
0000000000
0000000000
0000000000
0001010000
0000000000
0000000000
0000000000
,
0000001000
0000000000
0000000000
0000001000
0000000000
0000000000
0000001000
0000000000
0000101000
0000000000
0000000000
0000000000
0000101000
0000000000
0000000100
0000000000
0000100000
0000001100
0000100000
0000000000
0000000000
0000000000
0000202000
0000000000
0000000000
0000000000
0000000000
0000000000
0000000000
0000000000
0000000000
0000000000
,
0000303000
0000000000
0000101100
0000000000
0000000000
0000000000
0000000000
0000000000
0011010000
0000000000
0000000000
0000000000
0010100000
0000000000
2000000000
0000000000
0000000000
0000000000
3000000000
0000000000
1011000000
0000000000
0000000000
0000000000
1010000000
0000000000
1000000000
0000000000
0000100000
0000000000
0001000000
0000001000
,
0000010000
0000000100
0000010100
0000000100
0000100000
0000010000
0000110000
0000010000
0010000000
0000100000
0010100000
0000100000
0001000000
0000010000
0001010000
0000010000
,
0000100000
0000000000
0000001000
0000000000
0000101000
0000000000
0000001000
0000000000
0001000000
0000000000
0000010000
0000000000
0001010000
0000000000
0000001000
0001000000
0000100000
0000000000
0010000000
0000000000
0010100000
0000000000
0010000000
0000000000
0000010000
0000000000
0000100000
0000000000
0000110000
0000000000
0000010000
0000100000
,
0000000100
0000010000
0000010100
0000010000
0000001000
0000100000
0000101000
0010000000
0000000000
0010100000
0000101000
0000000000
0000101000
0000001100
0000000000
0000001100
,
0000101000
0000000000
0000000000
0000000000
0000101000
0000000000
0010100000
0000000000
0020000200
0000000000
0000000000
0000000000
0030000300
0000000000
0000000000
0000000000
0010000000
0001000000
0000100000
0000000000
0000001000
0001000000
0000100000
0000000000
0010000000
0001000000
0000100000
0000000000
0000001000
0001000000
0000100000
0010000000
,
0001000000
0000100000
0000010000
0000001000
0000000100
0000010000
0000000100
0000001000
0000010000
0002000000
0000002000
0000000000
0003003000
0000000000
0001001000
0000000000
0000000100
0000001000
0000010000
0000000000
0001000000
0000001000
0000010000
0000000000
0000000100
0000001000
0000010000
0000000000
0001000000
0000001000
0000010000
0000000100
,
0000001000
0000010000
0000100000
0001000000
0010000000
0000200000
2000000000
0000000000
0000000000
0000000000
3000300000
0000000000
1000100000
0000000000
0000000000
0000000000
1000000000
0010000000
1000000000
0010000000
0000100000
0001000000
0010000000
0001000000
0000100000
0000010000
0000001000
0000010000
0000001000
0000000100
0000010000
0000000100
,
0000001000
0000010000
0000100000
0000001000
0000000100
0000000010
0000001000
0000000100
0000010000
0000000010
0000000100
0000000001
0000010000
0000000100
0000010000
0000001000
0000100000
0001000000
0010000000
0000100000
0010000000
0001000000
0000100000
0010000000
1000000000
0001000000
0100000000
0010000000
1000000000
0010000000
0000100000
0000010000
,
0002000000
0000000000
0000000000
0000000000
0000000000
0003000000
0000010000
0000100000
0000002000
0000000000
0000003000
0000100000
0000010000
0000000000
0000110000
0000000000
0000000100
0000001000
0000010000
0000000000
0001000000
0000001000
0000010000
0000000000
0000000100
0000001000
0000010000
0000000000
0001000000
0000001000
0000010000
0000000100
,
0000001000
0000010000
0000100000
0001000000
0010000000
0000100000
0010000000
0001000000
0000100000
0000002000
0002000000
0000000000
0003003000
0000000000
0001001000
0000000000
0010000000
0001000000
0000100000
0000000000
0000001000
0001000000
0000100000
0000000000
0010000000
0001000000
0000100000
0000000000
0000001000
0001000000
0000200000
0000000000
,
0000000000
0000000000
0000300000
0000000000
0010100000
0000000000
0000002000
0000000000
0000000000
0000003000
0000020000
0000000000
0000000000
0000000000
0000030001
0000000000
0000000100
0000010000
0000100000
0000001000
0000000100
0000000010
0000001000
0000000100
0000010000
0000000100
0000001000
0000000010
0000000100
0000000001
0000010000
0000001000
,
0000100000
0001000000
0010000000
0000100000
0010000000
0001000000
0100000000
0010000000
1000000000
0000100000
0001000000
0000010000
0000001000
0000000100
0000010000
0000000100
0000001000
0000000010
0000000100
0000000001
0000010000
0000000100
0000001000
0000000001
0000000010
0000000100
0000001000
0000010000
0000100000
0001000000
0010000000
0100000000
,
2000000000
0000000000
0000000000
0000000000
3000000000
0000000000
1001000000
0000000000
0000000000
0000000000
0000000000
0000000000
0001000000
0000100000
0001000000
0000100000
0000001000
0000000000
0000000000
0000000000
0001000000
0000000000
0001000000
0000000000
0001010000
0000000000
0000000000
0000000000
0010010000
0000000000
0000000000
0000000000
,
0000010000
0000000000
0000000000
0000010000
0000000000
0000000000
0000010000
0000000000
0000110000
0000000000
0000000100
0000000000
0000000000
0000000000
0000000000
0000000000
0010000000
0000000000
0010000000
0000000000
0000000000
0000000000
0000001000
0001000000
0000001000
0000000000
0000000000
0000000000
0000000000
0000000000
0001001000
0000000000
,
0020000200
0000000000
0000000000
0000000000
0000000000
0000000000
0000000000
0030000300
0000002000
0000000000
0000000000
0000000000
0000000000
0000003000
0000100000
0000010000
,
0010000000
0000000000
0000000000
0000000000
0000000000
0000000000
0010200000
0000000000
0000000000
0000000000
0000000000
0000000000
0000000000
0000000000
0000000000
0000300000
0000000000
0000000000
1000000000
0000000000
0010000000
0000000000
0000100000
0000000000
0000000200
0000000000
0000000000
0000000000
0000000300
0000000000
0000001000
0000000000
0000010000
0000000000
0001000000
0000000000
0000001000
0000000000
0000010000
0000000000
0001000000
0000000000
0000010000
0000000000
0000001000
0000000000
0001000000
0000000000
,
0000100000
0000000000
0000000000
0000000000
0000000000
0000000000
0000000000
0000000000
0000001000
0000000000
0000000000
0000000000
0000000000
0000000000
0000000000
0000000000
0000100000
0000000000
0000000000
0000000000
0000000000
0000000000
0000000000
0000000000
0001000000
0000000000
0000000000
0000000000
0000000000
0000000000
0000000000
0000000000
0000001000
0000000000
0000000000
0000000000
0000000000
0000000000
0000000000
0000000000
0000010000
0000000000
0000000000
0000000000
0000000000
0000000000
0000000000
0000000000
0000000100
0000000000
0000000000
0000000000
0000000000
0000000000
0000000000
0000000000
0000000000
0000000000
0000000000
0000000000
0000000000
0000000000
0000000000
0000000000
0000000000
0000000000
0000000100
0000000000
0000000000
0000000000
0000000000
0000000000
0000000000
0000000000
0000000000
0000000000
0000000000
0000000000
0000000000
0000000000
0000000000
0000000000
0000000000
0000000000
0000000100
0000000000
0000000000
0000000000
0000000000
0000000000
0000000000
0000000000
0000000000
0000000000
0000000000
0000000000
0001000000
0000000000
0000000000
0000000000
0000000000
0000000000
0000010000
0000000000
0000000000
0000000000
0000000000
0000000000
0001000000
0000000000
0000000000
0000000000
0000000000
0000000000
0000010000
0000000000
0000000000
0000000000
0000000000
0000000000
0001000000
0000000000
0000000000
0000000000
0000000000
0000000000
0000010000
0000000000
0000000000
0000000000
0000000000
0000000000
0001000000
0000000000
0000000000
0000000000
0000000000
0000000000
0000010000
0000000000
0000000000
0000000000
0000000000
0000000000
0001000000
0000000000
0000000000
0000000000
0000000000
0000000000
0000100000
0000000000
0000000000
0000000000
0000000000
0000000000
0001000000
0000000000
0000000000
0000000000
0000000000
0000000000
0000100000
0000000000
0000000000
0000000000
0000000000
0000000000
0000001000
0000000000
0000000000
0000000000
0000000000
0000000000
0000100000
0000000000
0000000000
0000000000
0000000000
0000000000
0000001000
0000000000
0000000000
0000000000
0000000000
0000000000
0000100000
0000000000
0000000000
0000000000
0000000000
0000000000
,
0000001000
0000010000
0000001000
0000010000
0000100000
0000010000
0000100000
0000010000
0000100000
0001000000
0000100000
0001000000
0000010000
0001000000
0000010000
0001000000
0010000000
0000100000
1000000000
0010000000
1000000000
0000100000
0010000000
0000100000
1000000000
0100000000
0010000000
0001000000
0100000000
0010000000
0001000000
0000100000
,
0010000000
0001000000
0000100000
0000001000
0000100000
0000010000
0000001000
0000000100
0000010000
0000001000
0000000100
0000000010
0000001000
0000000100
0000000010
0000000002
0000002000
0000000000
0000000000
0000000000
0000000000
0000003003
0000000000
0000001101
0000000000
0000000000
0000000000
0000000000
0000000000
0000101100
0000000000
0000000000
,
0000000000
0000000000
0000000000
0011001100
0000000000
0000000000
0000000000
0000000000
0000000000
0000000000
0000000000
0000000000
0000000000
0000000000
0000000000
0000000000
0000000000
0000000000
0000000000
0000000000
0000000000
0000000000
0000000000
0000000000
0000000000
0000000000
0000000000
0000000000
0000000000
0000000000
0000000000
0000000000
;

//---------------pump-double - d21 Quest (Prime)----------------
#NOTEDATA:;
#CHARTNAME:Prime Quest World;
#STEPSTYPE:pump-double;
#DESCRIPTION:d21 Quest (Prime);
#DIFFICULTY:Edit;
#METER:21;
#RADARVALUES:0.966636,1.000000,0.341740,0.786002,1.000000,653.000000,40.000000,92.000000,0.000000,15.000000,0.000000,0.000000,17.000000,0.966636,1.000000,0.341740,0.786002,1.000000,653.000000,40.000000,92.000000,0.000000,15.000000,0.000000,0.000000,17.000000;
#CREDIT:Nimgo;
#OFFSET:-0.031000;
#BPMS:0.000000=80.000000
,2.750000=160.000000
,2.875000=80.000000
,45.562500=100000000.000000
,55.562500=80.000000
,72.062500=39.999699
,74.187500=79.999496
,75.437500=80.000000
,77.937500=39.999699
,80.062500=79.999496
,81.250000=80.000000
,137.812500=160.000000
,137.937500=80.000000
,158.250000=120.000000
;
#STOPS:;
#DELAYS:;
#WARPS:;
#TIMESIGNATURES:0.000000=4=4
;
#TICKCOUNTS:0.000000=16
;
#COMBOS:0.000000=1
;
#SPEEDS:0.000000=1.000000=0.000000=0
,2.750000=0.700000=0.062500=0
,2.812500=0.710000=0.062500=0
,2.875000=2.000000=0.625000=0
,3.500000=1.000000=0.062500=0
,3.562500=1.200000=0.125000=0
,3.687500=1.000000=0.125000=0
,3.812500=1.200000=0.125000=0
,3.937500=1.000000=0.125000=0
,74.687500=3.000000=0.687500=0
,75.375000=1.000000=0.062500=0
,75.437500=1.200000=0.125000=0
,75.562500=1.000000=0.125000=0
,75.687500=1.200000=0.125000=0
,75.812500=1.000000=0.125000=0
,80.562500=3.000000=0.687500=0
,81.250000=1.000000=0.062500=0
,81.312500=1.200000=0.125000=0
,81.437500=1.000000=0.125000=0
,81.562500=1.200000=0.125000=0
,81.687500=1.000000=0.125000=0
,83.812500=3.000000=0.437500=0
,84.250000=1.000000=0.062500=0
,137.812500=999.000000=0.062500=0
,139.000000=1.000000=0.062500=0
;
#SCROLLS:0.000000=2.000000
,2.750000=1.000000
,2.875000=2.000000
,26.312500=1.000000
,28.062500=2.000000
,30.062500=1.000000
,45.562500=2.000000
,72.062500=2.666670
,74.187500=1.333330
,75.437500=2.000000
,77.937500=2.666670
,80.062500=1.333330
,81.250000=2.000000
,137.812500=1.000000
,137.937500=2.000000
,158.250000=1.333330
;
#FAKES:;
#LABELS:0.000000=Song Start
;
#NOTES:
// measure 0
0000000000
0000000000
0000000000
0000000000
0000000000
0000000000
0000000000
0000000000
0000000000
0000000000
0000000000
0000000000
0000000000
0000000000
0000000000
0000000000
0000000000
0000000000
0000000000
0000000000
0000000000
0000000000
0000000000
0000000000
0000000000
0000000000
0000000000
0000000000
0000000000
0000000000
0000000000
0000000000
0000X00000
0000000000
0000000X00
0000000000
00000X0000
0000000000
0000000000
0000000000
0000000000
0000000000
0000000000
0000000000
000000000x
0000000000
0000000000
0000000000
0000000000
0000000000
0000000000
0000000000
0000000000
0000000000
0000000000
0000000000
0000000000
000000xx00
0000000000
0000000000
0000000000
0000000000
0000000000
0000003303
,  // measure 1
0000000000
0000000000
0000000000
0000000000
0000000000
000000XX0X
0000000000
0000000000
0000000000
0000000000
0000000000
0000000000
0000000000
0000000000
0000000000
0000000000
0000000000
00000X0XX0
0000000000
0000000000
0000000000
0000000000
0000000000
0000000000
0000000000
0000000000
0000000000
0000000000
0000000000
0000000000
0000000000
0000000000
0000000000
000000000X
0000000000
0000000X00
0000000000
00000X0000
0000000000
0000000000
0000000000
0000000000
0000000000
0000000000
0000000000
0000000X00
0000000000
00000X0000
0000000000
0000X00000
0000000000
0000000000
0000000000
0000000000
0000000000
0000000000
0000000000
00X0000000
0000000000
0000000000
0000000000
x000000000
0000000000
0000000000
,  // measure 2
0000000000
0000000000
0000000000
0000000000
0000000000
0000000000
0000000000
0000000000
0000000000
0000000000
0000000000
0000000000
0000000000
0000000000
0000000000
0000000000
0000000000
00xx000000
0000000000
0000000000
0000000000
0000000000
0000000000
0000000000
0000000000
3033000000
0000000000
0000000000
0000000000
0000000000
0000000000
0000000000
0000000000
0000x00000
0000000000
0000000000
0000000000
0000000000
0000000000
0000000000
0000000000
000X000000
0000000000
0000000000
0000000000
0000000000
0000000000
0000000000
0000000000
00X0300000
0000000000
0000000000
0000000000
0000000000
0000000000
0000000000
0000000000
00XX000000
0000000000
0000000000
0000000000
0000000000
0000000000
0000000000
,  // measure 3
0000000000
00000X0000
0000000000
0000000000
0000000000
0000000000
0000000000
0000000000
0000000000
000X0X0000
0000000000
0000000000
0000000000
0000000000
0000000000
0000000000
0000000000
0000X00000
0000000000
0000000000
0000000000
0000000000
0000000000
000X000000
0000000000
0000X00000
0000000000
0000000000
0000000000
00000x0000
0000000000
0000000000
0000000000
000X030000
0000000000
0000000000
0000000000
0000000000
0000000000
0000000000
0000000000
0000X0X000
0000000000
0000000000
0000000000
0000000000
0000000000
0000000000
0000000000
000X0X0000
0000000000
0000000000
0000000000
0000000000
0000000000
0000000000
0000000000
00X000X000
0000000000
0000000000
0000000000
0000000000
0000000000
0000000000
,  // measure 4
0000000000
0000x00x00
0000000000
0000000000
0000000000
0000000000
0000000000
0000000000
0000000000
0000000000
0000000000
0000000000
0000000000
0000300300
0000000000
0000000000
0000000000
000x000000
0000000000
0000000000
0000000000
0000000000
0000000000
0003000000
0000000000
00000x0000
0000000000
0000000000
0000000000
0000000000
0000000000
0000030000
0000000000
000000x000
0000000000
0000000000
0000000000
0000000000
0000000000
0000000000
0000000000
0000X00000
0000000000
0000000000
0000000000
0000000000
0000000000
0000003000
0000000000
0000000x00
0000000000
0000000000
0000000000
0000000000
0000000000
0000000000
0000000000
0000X00000
0000000000
0000000000
0000000000
0000000000
0000000000
0000000300
,  // measure 5
0000000000
00x0000000
0000000000
0000000000
0000000000
0000000000
0000000000
0000000000
0000000000
00000X0000
0000000000
0000000000
0000000000
0000000000
0000000000
0030000000
0000000000
000x000000
0000000000
0000000000
0000000000
0000000000
0000000000
0000000000
0000000000
00000X0000
0000000000
0000000000
0000000000
0000000000
0000000000
0003000000
0000000000
0000x00000
0000000000
0000000000
0000000000
0000000000
0000000000
0000000000
0000000000
000000X000
0000000000
0000000000
0000000000
0000000000
0000000000
0000300000
0000000000
00000x0000
0000000000
0000000000
0000000000
0000000000
0000000000
0000000000
0000000000
000000X000
0000000000
0000000000
0000000000
0000000000
0000000000
0000000000
,  // measure 6
0000000000
000x000000
0000000000
0000000000
0000000000
0000000000
0000000000
0000000000
0000000000
0003030000
0000000000
0000000000
0000000000
000000X000
0000000000
0000X00000
0000000000
00000X0000
0000000000
000X000000
0000000000
00000X0000
0000000000
000X000000
0000000000
00000X0000
0000000000
000X000000
0000000000
00000X0000
0000000000
000X000000
0000000000
00000X0000
0000000000
0000000000
0000000000
00X0X0X000
0000000000
0000000000
0000000000
0000000000
0000000000
0000000000
0000000000
0000000000
0000000000
0000000000
0000000000
0000000000
0000000000
0000000000
0000000000
0000000000
0000000000
0000000000
0000000000
0000000000
0000000000
0000000000
0000000000
0000000000
0000000000
0000000000
,  // measure 7
0000000000
00000X0000
0000000000
000X000000
0000000000
000000X000
0000000000
0000X00000
0000000000
000X000000
0000000000
00000X0000
0000000000
000000X000
0000000000
0000X00000
0000000000
00000X0000
0000000000
000X000000
0000000000
0000X00000
0000000000
000000X000
0000000000
00000X0000
0000000000
0000X00000
0000000000
000X000000
0000000000
00X0000000
0000000000
0000y00000
0000000000
0000000000
0000000000
0000000000
0000000000
0000300000
0000000000
000y000000
0000000000
0000000000
0000000000
00000Y0000
0000000000
0003000000
0000000000
000000y000
0000000000
0000000000
0000000000
0000000000
0000000000
0000Y00000
0000000000
0000000000
0000000000
0000003000
0000000000
00000y0000
0000000000
0000000000
,  // measure 8
0000000000
0000000y00
0000000000
0000000000
0000000000
0000000300
0000000000
0000000000
0000000000
0000000000
0000000000
0000030000
0000000000
000000000y
0000000000
0000000000
0000000000
0000000Y00
0000000000
0000000000
0000000000
0000000000
0000000000
00000000Y0
0000000000
0000000000
0000000000
0000000000
0000000000
0000000Y00
0000000000
0000000003
0000000000
00000y0000
0000000000
0000000000
0000000000
0000000000
0000000000
0000000000
0000000000
0000000Y00
0000000000
0000000000
0000000000
0000000000
0000000000
0000030000
0000000000
000000y000
0000000000
0000000000
0000000000
0000000000
0000000000
0000Y00000
0000000000
0000000000
0000000000
0000003000
0000000000
000y000000
0000000000
0000000000
,  // measure 9
0000000000
00000Y0000
0000000000
0000000000
0000000000
0003000000
0000000000
0000y00000
0000000000
0000000000
0000000000
0000000000
0000000000
00Y0000000
0000000000
0000000000
0000000000
y000000000
0000000000
0000000000
0000000000
0000000000
0000000000
0000000000
0000000000
0000000000
0000000000
0000000000
0000000000
0000000000
0000000000
0000000000
0000000000
0000300000
0000000000
0000000000
0000000000
0000000000
0000000000
0000000000
0000000000
00Y0000000
0000000000
0000000000
0000000000
0Y00000000
0000000000
0000000000
0000000000
00Y0000000
0000000000
0000000000
0000000000
3000000000
0000000000
0000y00000
0000000000
0000000000
0000000000
0000000000
0000000000
00Y0000000
0000000000
0000300000
,  // measure 10
0000000000
000y000000
0000000000
0000000000
0000000000
0000000000
0000000000
0000000000
0000000000
0000000000
0000000000
0000000000
0000000000
00000Y0000
0000000000
0003000000
0000000000
000000y000
0000000000
0000000000
0000000000
0000000000
0000000000
0000000000
0000000000
0000Y00000
0000000000
0000000000
0000000000
0000000000
0000000000
0000003000
0000000000
00000y0000
0000000000
0000000000
0000000000
0000000000
0000000000
0000000000
0000000000
0000000000
0000000000
0000000000
0000000000
0000000Y00
0000000000
0000000000
0000000000
000000000y
0000000000
0000000000
0000000000
0000000000
0000000000
0000000000
0000000000
0000000000
0000000000
0000000000
0000000000
0000000000
0000000000
0000000000
,  // measure 11
0000000000
0000000000
0000000000
0000000000
0000000000
0000000000
0000000000
0000000000
0000000000
0000000000
0000000000
0000000000
0000000000
0000000000
0000000000
0000000000
0000000000
0000000000
0000000000
0000000000
0000000000
0000000000
0000000000
0000000000
0000000000
0000030Y03
0000000000
0000000000
0000000000
0000000000
0000000000
0000000000
0000000000
00000000F0
0000000000
00000000F0
0000000000
00000000F0
0000000000
00000000F0
0000000000
000000F000
0000000000
0000000F00
0000000000
00000F0000
0000000000
0000000F00
0000000000
000000F000
0000000000
00000F0000
0000000000
000F000000
0000000000
00000F0000
0000000000
0000F00000
0000000000
000000F000
0000000000
0000F00000
0000000000
000F000000
,  // measure 12
0000000000
00{y|n|1|0}0000000
0000000000
0000000000
0000000000
0000000000
0000000000
00{3|n|1|0}0000000
0000000000
0000000000
0000000000
0000000000
0000000000
0000000000
0000000000
0000000000
0000000000
0000000000
0000000000
0000000000
0000000000
0000000000
0000000000
0000000000
0000000000
0000000000
0000000000
0000000000
0000000000
0000000000
0000000000
0000000000
0000000000
0000000000
0000000000
0000000000
0000000000
0000000000
0000000000
0000000000
0000000000
0000000000
0000000000
0000000000
0000000000
0000000000
0000000000
0000000000
0000000000
0000000000
0000000000
0000000000
0000000000
0000000000
0000000000
0000000000
0000000000
0000000000
0000000000
0000000000
0000000000
0000000000
0000000000
0000000000
,  // measure 13
0000000000
0000000000
0000000000
0000000000
,  // measure 14
0000000000
00000000x0
0000000000
0000000000
0000000000
0000000000
0000000000
0000000030
0000000000
000000X000
0000000000
0000000X00
0000000000
00000X0000
0000000000
0000000X00
0000000000
000000X000
0000000000
00000X0000
0000000000
000X000000
0000000000
00000X0000
0000000000
0000X00000
0000000000
000000X000
0000000000
0000X00000
0000000000
000X000000
0000000000
00x0000000
0000000000
0000000000
0000000000
0000000000
0000000000
0030000000
0000000000
000X000000
0000000000
00X0000000
0000000000
0000X00000
0000000000
00X0000000
0000000000
000X000000
0000000000
0000X00000
0000000000
000000X000
0000000000
0000X00000
0000000000
00000X0000
0000000000
000X000000
0000000000
00000X0000
0000000000
000000X000
,  // measure 15
0000000000
0000000x00
0000000000
0000000300
0000000000
000000X000
0000000000
00000X0000
0000000000
000x000000
0000000000
0000000000
0000000000
0000000000
0000000000
0003000000
0000000000
0000000x00
0000000000
0000000300
0000000000
00000X0000
0000000000
000000X000
0000000000
0000x00000
0000000000
0000000000
0000000000
0000000000
0000000000
0000300000
0000000000
0000000X00
0000000000
000000X000
0000000000
00000X0000
0000000000
000X000000
0000000000
000000X000
0000000000
0000X00000
0000000000
000X000000
0000000000
00X0000000
0000000000
0000x00000
0000000000
0000000000
0000000000
0000000000
0000000000
0000000000
0000000000
0000000000
0000000000
0000000000
0000300000
0000000000
0000000000
0000000000
,  // measure 16
0000000000
x000000000
0000000000
0000000000
0000000000
00X0000000
0000000000
3000000000
0000000000
0000x00000
0000000000
0000000000
0000000000
00X0000000
0000000000
0000300000
0000000000
000x000000
0000000000
0000000000
0000000000
00000X0000
0000000000
0000000000
0003000000
000000x000
0000000000
0000000000
0000000000
0000X00000
0000000000
0000000000
0000003000
00000x0000
0000000000
0000000000
0000000000
0000000X00
0000000000
0000000000
0000030000
000000000x
0000000000
0000000000
0000000000
0000000X00
0000000000
0000000000
0000000003
000000x000
0000000000
0000000000
0000000000
0000000X00
0000000000
0000000000
0000003000
00000x0000
0000000000
0000000000
0000000000
000X000000
0000000000
0000000000
,  // measure 17
0000030000
0000x00000
0000000000
0000000000
0000000000
000000X000
0000000000
0000000000
0000000000
000X000000
0000000000
0000000000
0000000000
000000X000
0000000000
0000000000
0000300000
00000x0000
0000000000
0000000000
0000000000
000X000000
0000000000
0000000000
0000000000
000000X000
0000000000
0000000000
0000000000
000X000000
0000000000
0000030000
0000000000
00X0000000
0000000000
0000000X00
0000000000
0000000000
0000000000
00X0000000
0000000000
0000000X00
0000000000
0000000000
0000000000
00X0000000
0000000000
0000000X00
0000000000
0000X00000
0000000000
00000X0000
0000000000
0000X00000
0000000000
00000X0000
0000000000
0000X00000
0000000000
00000X0000
0000000000
0000X00000
0000000000
00000X0000
,  // measure 18
0000000000
0000x00000
0000000000
0000300000
0000000000
000X000000
0000000000
00X0000000
0000000000
0000X00000
0000000000
0000000000
0000000000
x000000000
0000000000
0000000000
0000000000
00X0000000
0000000000
3000000000
000x000000
0000000000
0000000000
00X0000000
0003000000
0000x00000
0000000000
0000000000
0000300000
000000X000
0000000000
000X000000
0000000000
00000X0000
0000000X00
000000000X
0000000000
0000000000
0000000000
0000000000
0000000000
0000000000
0000000000
00000x0000
0000000000
0000000000
0000000000
0000000000
0000000000
0000000000
0000000000
0000000000
0000000000
0000000000
0000000000
0000000xx0
0000000000
0000000000
0000000000
0000000000
0000000000
0000030330
0000000000
0000000000
,  // measure 19
0000000000
0000000000
0000000000
00000X00X0
0000000000
0000000000
0000000000
0000000000
0000000000
0000000000
0000000000
0000000000
0000000000
0000000000
0000000000
000000X00X
0000000000
0000000000
0000000000
0000000000
0000000000
0000000000
0000000000
00000000X0
0000000000
00000X0000
0000000000
0000000X00
0000000000
000000X000
0000000000
00000x0000
0000000000
0000030000
0000000000
000000X000
0000000000
0000000X00
0000000000
00000X0000
0000000000
0000000000
0000000000
000000000x
0000000000
0000000000
0000000000
0000000X00
0000000000
0000000003
000000x000
0000000000
0000000000
0000000X00
0000003000
00000x0000
0000000000
0000000000
0000030000
000X000000
0000000000
000000X000
0000000000
0000X00000
,  // measure 20
00X0000000
X000000000
0000000000
0000000000
0000000000
0000000000
0000000000
0000000000
0000000000
0000x00000
0000000000
0000000000
0000000000
0000000000
0000000000
0000000000
0000000000
0000000000
0000000000
0000000000
0000000000
0xx0000000
0000000000
0000000000
0000000000
0000000000
0000000000
0330300000
0000000000
0000000000
0000000000
0000000000
0000000000
0X00X00000
0000000000
0000000000
0000000000
0000000000
0000000000
0000000000
0000000000
0000000000
0000000000
0000000000
0000000000
X00X000000
0000000000
0000000000
0000000000
0000000000
0000000000
0000000000
0000000000
00000x0000
0000000000
0000000000
0000000000
000x000000
0000000000
0000000000
0000000000
0003030000
0000000000
0000000000
,  // measure 21
0000000000
0000000000
0000000000
0000000000
0000000000
0000XYXX00
0000000000
0000000000
0000000000
0000000000
0000000000
0000000000
0000000000
00000000Y0
0000000000
000000Y000
0000000000
0000000Y00
0000000000
00000Y0000
0000000000
000000000Y
0000000000
0000000Y00
0000000000
00000000Y0
0000000000
000000Y000
0000000000
0000000Y00
0000000000
00000Y0000
0000000000
000000Y000
0000000000
0000Y00000
0000000000
0000000Y00
0000000000
00000Y0000
0000000000
000000Y000
0000000000
0000Y00000
0000000000
00000Y0000
0000000000
000Y000000
0000000000
0000Y00000
0000000000
00Y0000000
0000000000
00000Y0000
0000000000
000Y000000
0000000000
0000Y00000
0000000000
00Y0000000
0000000000
000000Y000
0000000000
0000Y00000
,  // measure 22
0000000000
000Y000000
0000000000
00Y0000000
0000000000
00000Y0000
0000000000
000Y000000
0000000000
0000Y00000
0000000000
00Y0000000
0000000000
000000Y000
0000000000
0000Y00000
0000000000
000Y000000
0000000000
00Y0000000
0000000000
00000Y0000
0000000000
000Y000000
0000000000
0000Y00000
0000000000
00Y0000000
0000000000
000Y000000
0000000000
0000000000
0000000000
0000000000
0000000000
0000000000
0000000000
0Y0Y000000
0000000000
0000000000
0000000000
0000000000
0000000000
0000000000
0000000000
Y000000000
0000000000
00Y0000000
0000000000
0Y00000000
0000000000
00Y0000000
0000000000
Y000000000
0000000000
0000Y00000
0000000000
00Y0000000
0000000000
000Y000000
0000000000
0000Y00000
0000000000
000000Y000
,  // measure 23
0000000000
00000Y0000
0000000000
0000000Y00
0000000000
0000Y00000
0000000000
000000Y000
0000000000
00000Y0000
0000000000
0000000Y00
0000000000
000Y000000
0000000000
00000Y0000
0000000000
000000Y000
0000000000
0000000Y00
0000000000
000Y000000
0000000000
00000Y0000
0000000000
000000Y000
0000000000
0000000Y00
0000000000
0000Y00000
0000000000
000000Y000
0000000000
00000Y0000
0000000000
0000000Y00
0000000000
000Y000000
0000000000
00000Y0000
0000000000
000000Y000
0000000000
0000000Y00
0000000000
0000Y00000
0000000000
000000Y000
0000000000
00000Y0000
0000000000
0000000Y00
0000000000
000Y000000
0000000000
00000Y0000
0000000000
000000Y000
0000000000
0000000Y00
0000000000
0000000000
0000000000
0000000000
,  // measure 24
0000000000
000000XX00
0000000000
0000000000
0000000000
000X000000
0000000000
0000000000
0000000000
0000000000
0000000000
0000000000
0000000000
000X00X000
0000000000
0000000000
0000000000
00000X0000
0000000000
0000000000
0000000000
0000000000
0000000000
0000000000
0000000000
000X0X0000
0000000000
0000000000
0000000000
00X0000000
0000000000
0000000000
0000000000
0000000000
0000000000
0000000000
0000000000
0000X0X000
0000000000
0000000000
0000000000
0000000X00
0000000000
0000000000
0000000000
00000X0000
0000000000
000000X000
0000000000
000X000000
0000000000
0000X00000
0000000000
00X0000000
0000000000
000X000000
0000000000
0X00000000
0000000000
00X0000000
0000000000
X000000000
0000000000
00X0000000
,  // measure 25
0000000000
0X00000000
0000000000
000X000000
0000000000
00X0000000
0000000000
0000X00000
0000000000
000X000000
0000000000
00000X0000
0000000000
0000X00000
0000000000
000000X000
0000000000
00000X0000
0000000000
0000000X00
0000000000
000000X000
0000000000
00000000X0
0000000000
0000000X00
0000000000
000000000X
0000000000
00000000X0
0000000000
000000000X
0000000000
0000000X00
0000000000
000000000X
0000000000
00000X0000
0000000000
000000000X
0000000000
0000000X00
0000000000
000000000X
0000000000
00000000X0
0000000000
000000000X
0000000000
0000000X00
0000000000
000000000X
0000000000
00000X0000
0000000000
000000000X
0000000000
0000000X00
0000000000
000000000X
0000000000
00000000X0
0000000000
000000000X
,  // measure 26
0000000000
0000000X00
0000000000
00000000X0
0000000000
000000X000
0000000000
0000000X00
0000000000
00000X0000
0000000000
000000X000
0000000000
0000X00000
0000000000
00000X0000
0000000000
000X000000
0000000000
0000X00000
0000000000
00X0000000
0000000000
000X000000
0000000000
0X00000000
0000000000
00X0000000
0000000000
X000000000
0000000000
0X00000000
0000000000
X000000000
0000000000
00X0000000
0000000000
X000000000
0000000000
0000X00000
0000000000
X000000000
0000000000
00X0000000
0000000000
X000000000
0000000000
0X00000000
0000000000
X000000000
0000000000
00X0000000
0000000000
X000000000
0000000000
0000X00000
0000000000
00X0000000
0000000000
0000X00000
0000000000
000X000000
0000000000
00000X0000
,  // measure 27
0000000000
000000X000
0000000000
00000X0000
0000000000
0000X00000
0000000000
000000X000
0000000000
0000X00000
0000000000
000X000000
0000000000
00X0000000
0000000000
000X000000
0000000000
0000X00000
0000000000
00000X0000
0000000000
000X000000
0000000000
000000X000
0000000000
0000X00000
0000000000
00000X0000
0000000000
000000X000
0000000000
00000X0000
0000000000
0000000X00
0000000000
00000X0000
0000000000
000000X000
0000000000
00000X0000
0000000000
0000000X00
0000000000
00000X0000
0000000000
000X000000
0000000000
000000X000
0000000000
0000X00000
0000000000
000X000000
0000000000
0000X00000
0000000000
000000X000
0000000000
0000X00000
0000000000
000X000000
0000000000
00X0000000
0000000000
0000X00000
,  // measure 28
0000000000
00X0000000
0000000000
000X000000
0000000000
0000X00000
0000000000
000000X000
0000000000
000X000000
0000000000
00000X0000
0000000000
000000X000
0000000000
0000000X00
0000000000
00000X0000
0000000000
0000000X00
0000000000
000000X000
0000000000
00000X0000
0000000000
0000X00000
0000000000
000000X000
0000000000
0000X00000
0000000000
000X000000
0000000000
0000X00000
0000000000
00X0000000
0000000000
0000X00000
0000000000
000X000000
0000000000
0000X00000
0000000000
00X0000000
0000000000
0000X00000
0000000000
000000X000
0000000000
000X000000
0000000000
00000X0000
0000000000
000000X000
0000000000
00000X0000
0000000000
000X000000
0000000000
000000X000
0000000000
0000X00000
0000000000
000X000000
,  // measure 29
0000000000
0000X00000
0000000000
000000X000
0000000000
0000X00000
0000000000
00000X0000
0000000000
000X000000
0000000000
0000X00000
0000000000
000X000000
0000000000
00000X0000
0000000000
000X000000
0000000000
000000X000
0000000000
0000X00000
0000000000
000X000000
0000000000
0000X00000
0000000000
00000X0000
0000000000
000X000000
0000000000
0000X00000
0000000000
000000X000
0000000000
00000X0000
0000000000
000X000000
0000000000
000000X000
0000000000
0000X00000
0000000000
000X000000
0000000000
00000X0000
0000000000
000000X000
0000000000
0000X00000
0000000000
00000X0000
0000000000
000000X000
0000000000
0000X00000
0000000000
000X000000
0000000000
000000X000
0000000000
00000X0000
0000000000
000000X000
,  // measure 30
0000000000
0000X00000
0000000000
000000X000
0000000000
000X000000
0000000000
00000X0000
0000000000
000000X000
0000000000
00000X0000
0000000000
000X000000
0000000000
00000X0000
0000000000
0000X00000
0000000000
000000X000
0000000000
00000X0000
0000000000
000000X000
0000000000
0000X00000
0000000000
00000X0000
0000000000
000X000000
0000000000
0000X00000
0000000000
000000X000
0000000000
00000X0000
0000000000
0000X00000
0000000000
000000X000
0000000000
000X000000
0000000000
0000X00000
0000000000
000000X000
0000000000
00000X0000
0000000000
000X000000
0000000000
000000X000
0000000000
0000X00000
0000000000
000X000000
0000000000
00X0000000
0000000000
0000X00000
0000000000
X000000000
0000000000
00X0000000
,  // measure 31
0000000000
0X00000000
0000000000
000X000000
0000000000
00X0000000
0000000000
0000X00000
0000000000
000X000000
0000000000
00000X0000
0000000000
0000X00000
0000000000
000000X000
0000000000
0000X00000
0000000000
000X000000
0000000000
00000X0000
0000000000
000000X000
0000000000
0000X00000
0000000000
00000X0000
0000000000
000000X000
0000000000
0000X00000
0000000000
000000X000
0000000000
00000X0000
0000000000
0000X00000
0000000000
000X000000
0000000000
00000X0000
0000000000
000X000000
0000000000
0000X00000
0000000000
00000X0000
0000000000
000000X000
0000000000
0000000X00
0000000000
00000X0000
0000000000
000000000X
0000000000
0000000X00
0000000000
00000000X0
0000000000
000000x000
0000000000
0000000000
,  // measure 32
0000000000
0000000000
0000000000
0000000000
0000000000
0000000000
0000000000
0000000000
0000000000
0000000000
0000000000
0000000000
0000000000
0000000000
0000000000
0000000000
0000000000
0000003000
0000000000
0000000000
0000000000
00000x0000
0000000000
0000000000
0000000000
0000000000
0000000000
0000000000
0000000000
000x000000
0000000000
0000000000
0000000000
0000000000
0000000000
0003030000
0000000000
0000000000
0000000000
0000000000
0000000000
0000x0x000
0000000000
0000000000
0000000000
0000000000
0000000000
0000303000
0000000000
0000000000
0000000000
0000000000
0000000000
000x000x00
0000000000
0000000000
0000000000
0003000300
0000000000
0000000000
0000000000
0000x0x000
0000000000
0000000000
,  // measure 33
0000000000
0000000000
0000000000
0000000000
0000000000
0000000000
0000000000
0000000000
0000000000
0000000000
0000000000
0000000000
0000000000
0000000000
0000000000
0000000000
0000000000
0000000000
0000000000
0000000000
0000000000
0000000000
0000000000
0000000000
0000000000
0000303000
0000000000
0000000000
0000000000
0000000000
0000000000
0000000000
0000000000
0000000000
0000000000
0000000000
0000000000
0000000000
0000000000
0000000000
0000000000
0000000000
0000000000
0000000000
0000000000
0000000000
0000000000
0000000000
0000000000
0000000000
0000000000
0000000000
0000000000
0000000000
0000000000
0000000000
0000000000
0000000000
0000000000
0000000000
0000000000
000X0X0000
0000000000
0000000000
,  // measure 34
0000000000
0000X0X000
0000000000
0000000000
0000000000
00X0000X00
0000000000
0000000000
0000000000
0000X00000
0000000000
000000X000
0000000000
0000X00000
0000000000
0000000000
0000000000
000X0X0000
0000000000
0000000000
0000000000
0000X0X000
0000000000
0000000000
0000000000
00X0000X00
0000000000
000x000000
0000000000
00000x0000
0000000000
0000000000
0000000000
0000000000
0000000000
0000000000
0000000000
0000000000
0000000000
0000000000
0000000000
0000000000
0000000000
0000000000
0000000000
0000000000
0000000000
0000000000
0003030000
0000000000
0000000000
0000000000
0000000000
0000000000
0000000000
0000000000
0000000000
0000000000
0000000000
0000000000
0000000000
0000000000
x000000000
0000000000
,  // measure 35
0000000000
0000000000
0000000000
0000000000
0000000000
0000000000
0000000000
0000000000
0000000000
0000000000
3000000000
00x0000000
0030000000
0000x00000
0000300000
00000x0000
0000000000
0000000000
0000000000
0000000000
0000000000
0000000000
0000000000
0000000000
0000000000
0000000000
0000030000
0000000x00
0000000300
000000000x
0000000003
0000000Y00
,  // measure 36
00000000Y0
000000Y000
0000000Y00
00000Y0000
000000Y000
0000Y00000
00000Y0000
000Y000000
0000Y00000
000000Y000
0000Y00000
000Y000000
00000Y0000
0000Y00000
000000Y000
00000Y0000
000Y000000
00000Y0000
000000Y000
0000Y00000
000Y000000
00Y0000000
0000Y00000
000Y000000
0000000000
0000000000
000Y0Y0000
0000000000
0000000000
00Y0000Y00
0000000000
0000x0X000
,  // measure 37
0000000000
0000000000
0000000000
0000000000
0000000000
0000000000
00003X0X00
0000000000
0000000000
0000000000
0000000000
0000000000
0000000000
0000000000
000X0x0000
0000000000
0000000000
0000000000
0000000000
0000000000
0000000000
0000000000
00X0X30000
0000000000
0000000000
0000000000
0000000000
0000000000
0000000000
0000000000
0000000X00
00000X0000
0000X00000
0000000000
0000000000
0000000000
0000000000
0000000000
00X0000000
0000X00000
00000X0000
0000000000
0000000000
0000000000
0000000000
0000000000
0000000X00
00000X0000
0000X00000
0000000000
0000000000
0000000000
0000000000
0000000000
00X0000000
0000X00000
00000X0000
0000000000
0000000000
0000000000
0000000000
0000000000
0000000x00
0000000000
,  // measure 38
0000000000
0000000000
0000000000
0000000300
0000000000
000000X000
00000X0000
0000000X00
00000X0000
000000X000
0000000X00
00000X0000
0000000X00
000000X000
0000X00000
00X0000000
000X000000
0000X00000
00X0000000
0000X00000
000X000000
00X0000000
0000X00000
000X000000
000000X000
0000X00000
00X0000000
0000X00000
000000X000
00X0000000
0000X00000
000000X000
,  // measure 39
0000000000
0000000000
0000000000
0000000000
0000000000
0000000000
0000000000
0000000000
0000000000
0000000000
0000000000
0000000000
000X0X0X00
0000000000
0000000000
0000000000
0000000000
0000000000
0000000000
0000000000
0000000000
0000000000
0000000000
0000000000
00X0X0X000
0000000000
0000000000
0000000000
0000000000
0000000000
0000000000
0000000000
0000000000
0000000000
0000000000
0000000000
00y0000000
000x000000
00000x0000
0033030X00
0000000000
0000000000
0000000000
0000000000
0000000000
0000000000
0000000000
0000000000
0000000000
0000000000
0000000000
0000000000
0000000000
0000000000
0000000000
0000000000
0000000000
0000000000
0000000000
0000000000
0000000000
0000000000
0000000000
0000000000
;

//---------------pump-double - DP 3 New----------------
#NOTEDATA:;
#CHARTNAME:Double Performance 3;
#STEPSTYPE:pump-double;
#DESCRIPTION:DP 3 New;
#DIFFICULTY:Edit;
#METER:3;
#RADARVALUES:0.140358,0.144172,0.068348,0.196501,0.085435,84.000000,8.000000,23.000000,0.000000,0.000000,0.000000,0.000000,0.000000,0.140358,0.144172,0.068348,0.196501,0.085435,84.000000,8.000000,23.000000,0.000000,0.000000,0.000000,0.000000,0.000000;
#CREDIT:Felixor;
#OFFSET:-0.031000;
#BPMS:0.000000=20.000000
;
#STOPS:;
#DELAYS:;
#WARPS:;
#TIMESIGNATURES:0.000000=4=4
;
#TICKCOUNTS:0.000000=16
;
#COMBOS:0.000000=1
;
#SPEEDS:0.000000=1.000000=0.000000=0
;
#SCROLLS:0.000000=8.000000
;
#FAKES:;
#LABELS:0.000000=Song Start
;
#NOTES:
0000000000
0000000000
0000000000
0000000000
0000000000
0000000000
0000000000
0000000000
0000000000
0000000000
0001000000
0000000000
0000001000
0000000000
0010000000
0000100000
,
1000000000
0000000000
0100000000
0000000000
0010000000
0000000000
0000100000
0000000000
0000220000
0000330000
0001001000
0000000000
0000000000
0000000000
0000000100
0000000000
,
0000001000
0000000010
0000000100
0000000001
0000001000
0000020000
0000030000
0010000000
,
0001000000
0100000000
0010000000
1000000000
0001000000
0000100000
0000101000
0000001000
,
0001000000
0000000000
0000000000
0000000000
0002002000
0000000000
0000000000
0003003000
0000000000
0000000000
0000000000
0000000000
0000010000
0000000000
0000000000
0000000000
0000100000
0000000000
0000000000
0000000000
0000220000
0000000000
0000000000
0000330000
0000000000
0000000000
0000000000
0000000000
0001000000
0000000000
0000100000
0000000000
,
0000001000
0000010000
0000100000
0001000000
0000010000
0000001000
0002000000
0003000000
0000020000
0000030000
0020000000
0030000000
0000000000
0000000000
0000000100
0000010000
,
0000000001
0000000001
0000000100
0000000000
0000000010
0000000000
0000001000
0000000000
0000000100
0000000100
0000010000
0000000000
0000002000
0000000000
0000003000
0000000000
0000200000
0000000000
0000300000
0000000000
0000020000
0000000000
0000030000
0000000000
0002000000
0000000000
0003000000
0000000000
0000100000
0000000000
0010000000
0000000000
,
0001000000
0001000000
0100000000
0000000000
0010000000
0000000000
1000000000
0000000000
0000100000
0000100000
0010000000
0000000000
0002000000
0000000000
0003000000
0000000000
0000200000
0000000000
0000300000
0000000000
0000020000
0000000000
0000030000
0000000000
0000002000
0000000000
0000003000
0000000000
0000001010
0000000000
0000000000
0000000000
,
0000000000
0000000000
0000000000
0000000000
0000020002
0000030003
0000000100
0000000000
0000001000
0000000001
0000010000
0000000000
0000000010
0000000100
0000002000
0000003000
,
0002000000
0003000000
0200000000
0300000000
1000000000
0000100000
1000100000
0000000000
0000000000
0000000000
0000000000
0000000000
0000000000
0000000000
0000000000
0000000000
;
