0000000000
0000000000
0000000000
0000000000
,
0000100000
0000001100
0000100000
0000000000
0000000000
0000000000
0000202000
0000000000
0000000000
0000000000
0000000000
0000000000
0000000000
0000000000
0000000000
0000000000
,
0000303000
0000101100
0000000000
0000000000
0011010000
0000000000
0000000000
0000000000
,
0000010000
0011000000
0000010000
0000000000
0000000000
0000000000
0000010000
0011000000
0000010000
0000000000
0000000000
0000000000
0011010000
0000000000
2000000000
0000000000
,
0000000000
0000000000
0000000000
0000000000
0000000000
0000000000
0000000000
3000000000
0002000000
0000000000
0000000000
0000000000
0000000000
0000000000
0000000000
0003000000
,
0000200000
0000000000
0000000000
0000000000
0000000000
0000000000
0000000000
0000000000
0000000000
0000000000
0000000000
0000300000
0000020000
0000000000
0000000000
0000030000
,
0000002000
0000000000
0000000000
0000000000
0000000000
0000000000
0000000000
0000003000
0000000002
0000000000
0000000000
0000000000
0000000000
0000000000
0000000003
0000000000
,
0000000101
0000010100
0000110000
0010100000
,
0200000000
0000000000
0000000000
0000000000
0000000000
0000000000
0000000000
0300000000
0020000000
0000000000
0000000000
0030000000
2000000000
0000000000
0000000000
3000000000
,
0000200000
0000000000
0000000000
0000000000
0000000000
0000000000
0000000000
0000300000
0002000000
0000000000
0000000000
0000000000
0000000000
0000000000
0000000000
0003000000
,
0000002000
0000000000
0000000000
0000003000
0000020000
0000000000
0000000000
0000030000
0020000000
0000000000
0000000000
0030000000
0000200000
0000000000
0000000000
0000300000
,
0000020000
0000000000
0000000000
0000000000
0000000000
0000000000
0000000000
0000030000
0002000000
0000000000
0000000000
0000000000
0000000000
0000000000
0000000000
0003000000
,
0000002000
0000000000
0000000000
0000000000
0000000000
0000000000
0000000000
0000000000
0000000000
0000003000
0000000000
0000000000
0000100000
0000000000
0000010000
0000000000
0020000000
0000000000
0000000000
0000000000
0000000000
0000000000
0000000000
0000000000
0000000000
0000000000
0000000000
0000000000
0030000000
0000000000
0000000000
0000000000
,
0010101000
0010101000
0000000000
0000000000
0000000000
0000000000
0000000000
0000000000
,
0000000000
0000000000
0010101000
0000000000
0000000000
0000000000
0000000000
0000000000
0010101000
0000000000
0000000000
0000000000
0000100000
0000001000
0001000000
0000010000
,
0020000000
0000000000
0030000000
0000000000
0001000000
0000000000
0000100000
0000000000
0000010000
0000000000
0000000000
0000010000
0000000000
0000000000
0000010000
0000000000
,
0000110000
0000000000
0000000000
0000000000
0000000000
0000000000
0000110000
0000000000
0000001000
0000000000
0000000000
0000001000
0000000000
0000000000
0000001000
0000000000
,
0000101000
0000000000
0000000000
0000000000
0000000200
0000000000
0000000300
0000000000
0000001000
0000000000
0000000000
0000001000
0000000000
0000000000
0000001000
0000000000
,
0000000010
0000000000
0000000000
0000000010
0000000000
0000000000
0000000010
0000000000
0000020000
0000000000
0000000000
0000000000
0000000000
0000000000
0000030000
0000000000
,
0000000000
0000000000
0000000000
0000000000
0000001000
0000000000
0001000000
0000000000
0000100000
0000000000
0000000000
0000100000
0000000000
0000000000
0000100000
0000000000
,
0010200000
0000000000
0000300000
0002000000
0000002000
0003003000
0001001000
0000000000
,
0020000000
0000000000
0000000000
0000000000
0000000000
0030000000
0000100000
0002000000
0000002000
0000000000
0000000000
0000000000
0000000000
0000000000
0000000000
0000000000
,
0000000000
0003003000
0000000000
0000000000
0000000000
0000000000
0000000000
0000000000
0001001000
0000000000
0000000000
0000000000
0000001000
0000000000
0001000000
0000000000
0000100000
0000000000
0000000000
0000100000
0000000000
0000000000
0000100000
0000000000
0010200000
0000000000
0000000000
0000000000
0000000000
0000300000
0001000000
0000000000
,
0000001000
0000000000
0000000000
0000001000
0000000000
0000000000
0000001000
0000000000
0010000000
0000000000
0000000000
0000000000
0010100000
0000000000
0000000000
0000000000
0000010000
0000000000
0000000000
0000010000
0000000000
0000000000
0000010000
0000000000
0001000000
0000000000
0000000000
0001000000
0000000000
0000000000
0001000000
0000000000
,
0000002000
0000000000
0000000000
0000000000
0000003000
0000000000
0000000000
0000000000
0001001000
0000000000
0000000000
0000000000
0000000200
0000000000
0000000000
0000000300
0000010000
0000000000
0000000000
0000010000
0000000000
0000000000
0000010000
0000000000
0000000002
0000000000
0000000000
0000000000
0000000003
0000000000
0000000101
0000000000
,
0000000001
0000000000
0000020000
0000000000
0000030000
0000000000
0000001000
0000000000
0002000000
0000000000
0000000000
0000000000
0000000000
0000000000
0000000000
0000000000
0003000000
0000000000
0001000000
0000000000
0000001000
0000000000
0010000000
0000000000
0010101000
0000000000
0000000000
0001010100
0000000000
0000000000
0010101000
0000000000
,
0000100000
0000010000
0000100000
0000010000
0001000000
0000001000
0000100000
0000010000
0010000000
0000000000
0010100000
0000001000
0000000000
0000000000
0000101000
0000000000
,
0001000000
0000000000
0000000000
0001000000
0000000000
0000000000
0001000000
0000000000
0001010000
0000000000
0000000000
0000000000
0001010000
0000000000
0010000000
0000000000
0000010000
0011000000
0000010000
0000000000
0000000000
0000000000
0002020000
0000000000
0000000000
0000000000
0000000000
0000000000
0000000000
0000000000
0000000000
0000000000
,
0003030000
0000000000
0011010000
0000000000
0000000000
0000000000
0000000000
0000000000
0000101100
0000000000
0000000000
0000000000
0000100000
0000010000
0000001000
0000000100
0000010000
0000000000
0000000000
0000000000
0000010100
0000000000
0001000000
0000000000
0000000000
0000000000
0000000000
0000000000
0001010000
0000000000
0000000000
0000000000
,
0000001000
0000000000
0000000000
0000001000
0000000000
0000000000
0000001000
0000000000
0000101000
0000000000
0000000000
0000000000
0000101000
0000000000
0000000100
0000000000
0000100000
0000001100
0000100000
0000000000
0000000000
0000000000
0000202000
0000000000
0000000000
0000000000
0000000000
0000000000
0000000000
0000000000
0000000000
0000000000
,
0000303000
0000000000
0000101100
0000000000
0000000000
0000000000
0000000000
0000000000
0011010000
0000000000
0000000000
0000000000
0010100000
0000000000
2000000000
0000000000
0000000000
0000000000
3000000000
0000000000
1011000000
0000000000
0000000000
0000000000
1010000000
0000000000
1000000000
0000000000
0000100000
0000000000
0001000000
0000001000
,
0000010000
0000000100
0000010100
0000000100
0000100000
0000010000
0000110000
0000010000
0010000000
0000100000
0010100000
0000100000
0001000000
0000010000
0001010000
0000010000
,
0000100000
0000000000
0000001000
0000000000
0000101000
0000000000
0000001000
0000000000
0001000000
0000000000
0000010000
0000000000
0001010000
0000000000
0000001000
0001000000
0000100000
0000000000
0010000000
0000000000
0010100000
0000000000
0010000000
0000000000
0000010000
0000000000
0000100000
0000000000
0000110000
0000000000
0000010000
0000100000
,
0000000100
0000010000
0000010100
0000010000
0000001000
0000100000
0000101000
0010000000
0000000000
0010100000
0000101000
0000000000
0000101000
0000001100
0000000000
0000001100
,
0000101000
0000000000
0000000000
0000000000
0000101000
0000000000
0010100000
0000000000
0020000200
0000000000
0000000000
0000000000
0030000300
0000000000
0000000000
0000000000
0010000000
0001000000
0000100000
0000000000
0000001000
0001000000
0000100000
0000000000
0010000000
0001000000
0000100000
0000000000
0000001000
0001000000
0000100000
0010000000
,
0001000000
0000100000
0000010000
0000001000
0000000100
0000010000
0000000100
0000001000
0000010000
0002000000
0000002000
0000000000
0003003000
0000000000
0001001000
0000000000
0000000100
0000001000
0000010000
0000000000
0001000000
0000001000
0000010000
0000000000
0000000100
0000001000
0000010000
0000000000
0001000000
0000001000
0000010000
0000000100
,
0000001000
0000010000
0000100000
0001000000
0010000000
0000200000
2000000000
0000000000
0000000000
0000000000
3000300000
0000000000
1000100000
0000000000
0000000000
0000000000
1000000000
0010000000
1000000000
0010000000
0000100000
0001000000
0010000000
0001000000
0000100000
0000010000
0000001000
0000010000
0000001000
0000000100
0000010000
0000000100
,
0000001000
0000010000
0000100000
0000001000
0000000100
0000000010
0000001000
0000000100
0000010000
0000000010
0000000100
0000000001
0000010000
0000000100
0000010000
0000001000
0000100000
0001000000
0010000000
0000100000
0010000000
0001000000
0000100000
0010000000
1000000000
0001000000
0100000000
0010000000
1000000000
0010000000
0000100000
0000010000
,
0002000000
0000000000
0000000000
0000000000
0000000000
0003000000
0000010000
0000100000
0000002000
0000000000
0000003000
0000100000
0000010000
0000000000
0000110000
0000000000
0000000100
0000001000
0000010000
0000000000
0001000000
0000001000
0000010000
0000000000
0000000100
0000001000
0000010000
0000000000
0001000000
0000001000
0000010000
0000000100
,
0000001000
0000010000
0000100000
0001000000
0010000000
0000100000
0010000000
0001000000
0000100000
0000002000
0002000000
0000000000
0003003000
0000000000
0001001000
0000000000
0010000000
0001000000
0000100000
0000000000
0000001000
0001000000
0000100000
0000000000
0010000000
0001000000
0000100000
0000000000
0000001000
0001000000
0000200000
0000000000
,
0000000000
0000000000
0000300000
0000000000
0010100000
0000000000
0000002000
0000000000
0000000000
0000003000
0000020000
0000000000
0000000000
0000000000
0000030001
0000000000
0000000100
0000010000
0000100000
0000001000
0000000100
0000000010
0000001000
0000000100
0000010000
0000000100
0000001000
0000000010
0000000100
0000000001
0000010000
0000001000
,
0000100000
0001000000
0010000000
0000100000
0010000000
0001000000
0100000000
0010000000
1000000000
0000100000
0001000000
0000010000
0000001000
0000000100
0000010000
0000000100
0000001000
0000000010
0000000100
0000000001
0000010000
0000000100
0000001000
0000000001
0000000010
0000000100
0000001000
0000010000
0000100000
0001000000
0010000000
0100000000
,
2000000000
0000000000
0000000000
0000000000
3000000000
0000000000
1001000000
0000000000
0000000000
0000000000
0000000000
0000000000
0001000000
0000100000
0001000000
0000100000
0000001000
0000000000
0000000000
0000000000
0001000000
0000000000
0001000000
0000000000
0001010000
0000000000
0000000000
0000000000
0010010000
0000000000
0000000000
0000000000
,
0000010000
0000000000
0000000000
0000010000
0000000000
0000000000
0000010000
0000000000
0000110000
0000000000
0000000100
0000000000
0000000000
0000000000
0000000000
0000000000
0010000000
0000000000
0010000000
0000000000
0000000000
0000000000
0000001000
0001000000
0000001000
0000000000
0000000000
0000000000
0000000000
0000000000
0001001000
0000000000
,
0020000200
0000000000
0000000000
0000000000
0000000000
0000000000
0000000000
0030000300
0000002000
0000000000
0000000000
0000000000
0000000000
0000003000
0000100000
0000010000
,
0010000000
0000000000
0000000000
0000000000
0000000000
0000000000
0010200000
0000000000
0000000000
0000000000
0000000000
0000000000
0000000000
0000000000
0000000000
0000300000
0000000000
0000000000
1000000000
0000000000
0010000000
0000000000
0000100000
0000000000
0000000200
0000000000
0000000000
0000000000
0000000300
0000000000
0000001000
0000000000
0000010000
0000000000
0001000000
0000000000
0000001000
0000000000
0000010000
0000000000
0001000000
0000000000
0000010000
0000000000
0000001000
0000000000
0001000000
0000000000
,
0000100000
0000000000
0000000000
0000000000
0000000000
0000000000
0000000000
0000000000
0000001000
0000000000
0000000000
0000000000
0000000000
0000000000
0000000000
0000000000
0000100000
0000000000
0000000000
0000000000
0000000000
0000000000
0000000000
0000000000
0001000000
0000000000
0000000000
0000000000
0000000000
0000000000
0000000000
0000000000
0000001000
0000000000
0000000000
0000000000
0000000000
0000000000
0000000000
0000000000
0000010000
0000000000
0000000000
0000000000
0000000000
0000000000
0000000000
0000000000
0000000100
0000000000
0000000000
0000000000
0000000000
0000000000
0000000000
0000000000
0000000000
0000000000
0000000000
0000000000
0000000000
0000000000
0000000000
0000000000
0000000000
0000000000
0000000100
0000000000
0000000000
0000000000
0000000000
0000000000
0000000000
0000000000
0000000000
0000000000
0000000000
0000000000
0000000000
0000000000
0000000000
0000000000
0000000000
0000000000
0000000100
0000000000
0000000000
0000000000
0000000000
0000000000
0000000000
0000000000
0000000000
0000000000
0000000000
0000000000
0001000000
0000000000
0000000000
0000000000
0000000000
0000000000
0000010000
0000000000
0000000000
0000000000
0000000000
0000000000
0001000000
0000000000
0000000000
0000000000
0000000000
0000000000
0000010000
0000000000
0000000000
0000000000
0000000000
0000000000
0001000000
0000000000
0000000000
0000000000
0000000000
0000000000
0000010000
0000000000
0000000000
0000000000
0000000000
0000000000
0001000000
0000000000
0000000000
0000000000
0000000000
0000000000
0000010000
0000000000
0000000000
0000000000
0000000000
0000000000
0001000000
0000000000
0000000000
0000000000
0000000000
0000000000
0000100000
0000000000
0000000000
0000000000
0000000000
0000000000
0001000000
0000000000
0000000000
0000000000
0000000000
0000000000
0000100000
0000000000
0000000000
0000000000
0000000000
0000000000
0000001000
0000000000
0000000000
0000000000
0000000000
0000000000
0000100000
0000000000
0000000000
0000000000
0000000000
0000000000
0000001000
0000000000
0000000000
0000000000
0000000000
0000000000
0000100000
0000000000
0000000000
0000000000
0000000000
0000000000
,
0000001000
0000010000
0000001000
0000010000
0000100000
0000010000
0000100000
0000010000
0000100000
0001000000
0000100000
0001000000
0000010000
0001000000
0000010000
0001000000
0010000000
0000100000
1000000000
0010000000
1000000000
0000100000
0010000000
0000100000
1000000000
0100000000
0010000000
0001000000
0100000000
0010000000
0001000000
0000100000
,
0010000000
0001000000
0000100000
0000001000
0000100000
0000010000
0000001000
0000000100
0000010000
0000001000
0000000100
0000000010
0000001000
0000000100
0000000010
0000000002
0000002000
0000000000
0000000000
0000000000
0000000000
0000003003
0000000000
0000001101
0000000000
0000000000
0000000000
0000000000
0000000000
0000101100
0000000000
0000000000
,
0000000000
0000000000
0000000000
0011001100
0000000000
0000000000
0000000000
0000000000
0000000000
0000000000
0000000000
0000000000
0000000000
0000000000
0000000000
0000000000
0000000000
0000000000
0000000000
0000000000
0000000000
0000000000
0000000000
0000000000
0000000000
0000000000
0000000000
0000000000
0000000000
0000000000
0000000000
0000000000
;
