00000
00000
00000
00000
,  // measure 1
00000
00000
00000
00000
,  // measure 2
00000
00000
00000
00000
,  // measure 3
00000
00000
00000
00000
,  // measure 4
01000
00000
00010
00100
00001
10000
00100
00000
01000
00010
00000
00100
,  // measure 5
00010
00000
01000
00100
10000
00001
00100
00000
00010
01000
00100
10000
,  // measure 6
00001
00000
10000
00100
01000
00010
00100
00000
00001
10000
00000
00100
,  // measure 7
10000
00000
00001
00100
00010
01000
00100
10000
00001
00200
00300
00000
,  // measure 8
00010
00000
10000
00100
10000
00001
00100
00000
00010
01000
00000
00100
,  // measure 9
01000
00000
00001
00100
00001
10000
00100
00000
01000
00010
00100
00001
,  // measure 10
10000
00000
00010
00100
00010
01000
00100
00000
10000
00001
00000
00100
,  // measure 11
00001
00000
01000
00100
01000
00010
00100
00001
10000
00100
01000
00010
,  // measure 12
10000
00100
10000
00002
00003
00000
10000
00100
10000
00020
00030
00000
,  // measure 13
10000
00100
10000
00001
00100
00001
10000
00100
10000
00020
00030
00000
,  // measure 14
01000
00100
01000
00020
00030
00000
01000
00100
01000
00002
00003
00000
,  // measure 15
01000
00100
01000
00010
00100
00010
01000
00100
10000
00001
00100
00001
10000
00100
10000
00001
,  // measure 16
01000
00100
00000
00000
20020
30030
00000
00000
00010
00100
00000
00000
02002
03003
00000
00000
,  // measure 17
01010
00010
00100
00001
01000
00100
10000
01000
,  // measure 18
00100
00000
00000
00000
00010
00000
00000
00000
00001
00000
00000
00000
00100
00000
00000
00000
10000
00000
00000
00000
00001
00000
00000
00000
00200
00300
00000
00000
10001
00000
00000
00000
,  // measure 19
10000
00100
01000
00001
00100
00010
00001
00100
,  // measure 20
10000
00000
00000
00000
01000
00000
00000
00000
00100
00000
00000
00000
00010
00000
00000
00000
01000
00000
00000
00000
00200
00300
00000
00000
01001
00000
00000
00000
01000
00000
00000
00000
,  // measure 21
00100
10000
00001
00100
00010
10000
01000
00100
,  // measure 22
00010
00000
00000
00000
00100
00000
00000
00000
00001
00000
00000
00000
01000
00000
00000
00000
00200
00300
00000
00000
10010
00000
00000
00000
00010
00000
00000
00000
00100
00000
00000
00000
,  // measure 23
00001
10000
00100
01000
00001
00010
00100
01000
,  // measure 24
00010
00000
00100
00001
10000
00100
02000
00000
03000
00000
00010
00000
00100
00000
00010
00000
,  // measure 25
10000
00100
00001
00010
00100
00001
00010
00100
,  // measure 26
01000
00000
00010
00000
00100
00000
00001
10000
00100
00000
02000
03000
00020
00030
00200
00300
,  // measure 27
00002
00000
00000
00003
02000
03000
00200
00300
20000
30000
02000
03000
00002
00003
00020
00030
,  // measure 28
00200
00300
00002
00003
20000
30000
00200
00000
00300
00000
01000
00000
00100
00000
01000
00000
,  // measure 29
00001
00100
10000
01000
00100
10000
01000
00100
,  // measure 30
00010
00000
01000
00000
00100
00000
10000
00001
00100
00000
00020
00000
00000
00030
20000
30000
,  // measure 31
00200
00000
00000
00300
00002
00003
00020
00030
00200
00000
00000
00300
00002
00003
00020
00030
,  // measure 32
00200
00300
02000
03000
00020
00030
20000
30000
00002
00003
00200
00000
00300
00000
00010
00000
,  // measure 33
01000
00100
10000
01000
00100
00020
00030
01000
,  // measure 34
00100
00010
00001
00100
00010
00002
00003
00100
,  // measure 35
10000
00001
00100
10000
01000
00100
10000
01000
,  // measure 36
00100
00010
00001
00010
00100
02000
03000
10000
,  // measure 37
00100
01000
10000
00100
00001
20000
30000
00100
,  // measure 38
00001
00010
00100
00001
00010
00100
01000
00010
,  // measure 39
00100
00000
00001
00000
10000
00000
00100
00000
01000
00000
00010
00100
00000
00000
01000
00100
,  // measure 40
00000
00000
00001
00100
00000
00000
10000
00100
00000
00000
02020
00000
00000
00000
00000
00000
,  // measure 41
00000
00000
00000
03030
00000
01100
00001
00100
,  // measure 42
00010
20000
30000
00010
00100
00110
10000
00100
,  // measure 43
01000
00002
00003
10000
00100
10100
00010
00100
,  // measure 44
00001
02000
03000
00001
00100
00101
01000
00100
,  // measure 45
10000
00000
00020
00000
00030
00000
10000
00000
00100
00000
01000
00000
00010
00100
00001
00000
,  // measure 46
01000
00000
00200
00300
20000
30000
02000
03000
00200
00300
00010
00000
01000
00100
10000
00000
,  // measure 47
00010
00000
00200
00300
00002
00003
00020
00030
00200
00300
01000
00000
00010
00000
00100
00000
,  // measure 48
00001
10000
00100
02000
03000
00100
10000
01000
,  // measure 49
00100
00010
00100
00001
00010
00011
00001
00100
,  // measure 50
00010
00002
00003
01000
10000
11000
10000
00100
,  // measure 51
01000
20000
30000
00010
00001
00011
00001
01000
,  // measure 52
00010
00200
00300
01000
10000
11000
10000
00010
,  // measure 53
01000
00000
00200
00000
00300
00000
00010
00000
00001
00000
00011
00000
00010
00001
00100
00000
,  // measure 54
00010
00000
01000
00000
00100
00000
10000
00000
01000
00000
11000
00000
01000
10000
00100
00000
,  // measure 55
01000
00010
00100
00001
00010
00100
01000
00010
,  // measure 56
00100
00001
10000
00100
01000
00020
00030
00001
,  // measure 57
00100
00000
10000
00000
00001
00000
00100
00000
10000
00000
02000
00000
00000
03000
00020
00000
,  // measure 58
00000
00030
00200
00000
00000
00300
00002
00000
00000
00003
20000
00000
00000
30000
00200
00000
,  // measure 59
00000
00300
02000
00000
00000
00000
03010
00000
00000
00000
10000
00000
00100
00000
10000
00000
,  // measure 60
00010
00100
00001
00010
00100
01000
00010
00100
,  // measure 61
00001
00000
10000
00000
01000
00000
00100
00010
01000
00000
00002
00003
00200
00300
20000
30000
,  // measure 62
02000
00000
00000
03000
00200
00300
20000
30000
02000
03000
00002
00003
00020
00030
02000
03000
,  // measure 63
00200
00300
20000
30000
00002
00003
00200
00000
00300
00000
00001
00000
00100
00000
00001
00000
,  // measure 64
01000
00100
10000
01000
00100
00010
01000
00100
,  // measure 65
10000
00000
00001
00000
00010
00000
00100
01000
00010
00000
20000
00000
00000
30000
00200
00300
,  // measure 66
00002
00000
00000
00003
00020
00030
00200
00300
00002
00000
00000
00003
00020
00030
20000
30000
,  // measure 67
02000
03000
00020
00030
00200
00300
00002
00003
20000
30000
00020
00000
00030
00000
00100
00000
,  // measure 68
00001
00000
00010
00100
01000
00000
00010
00000
00100
00000
02000
00000
03000
00000
10000
00000
,  // measure 69
00100
00000
01000
10000
00100
00000
00001
00000
10000
00000
00200
00000
00300
00000
00001
00000
,  // measure 70
00010
00000
00100
00001
00010
00000
00100
00000
01000
00000
00010
00000
00100
00000
00001
00000
,  // measure 71
00010
00100
01000
10000
01000
00200
00300
00010
,  // measure 72
00001
00000
00100
00010
00001
00000
00100
00000
10000
00000
00002
00000
00003
00000
00100
00000
,  // measure 73
10000
00000
01000
00100
10000
00000
01000
00000
00100
00000
00010
01000
00100
10000
00001
00100
,  // measure 74
00010
01000
00100
10000
00001
00100
00001
10000
00100
01000
00010
00100
00000
00000
01000
00100
,  // measure 75
00000
00000
00001
00100
00000
00000
10000
00100
00000
00000
01010
00000
00010
00000
00100
00000
,  // measure 76
00001
00000
10000
00001
00100
00020
02000
00000
03030
00000
00110
00000
00010
10000
00100
00000
,  // measure 77
02000
00000
03002
00000
00003
00000
01000
00000
00100
00000
01100
00000
01000
00001
00100
00000
,  // measure 78
00020
00000
20030
00000
30000
00000
00001
00000
00100
00000
00101
00000
00001
01000
00100
00000
,  // measure 79
20000
00000
30020
00000
00030
00000
10000
00000
00100
00000
10100
00000
10000
00010
00100
00000
,  // measure 80
00002
00000
02003
00000
03000
00000
00010
00000
00100
00000
00001
00000
10000
00100
01000
00000
,  // measure 81
00010
00000
20000
30000
02000
03000
00200
00300
00020
00030
10000
00000
00001
00100
00010
00000
,  // measure 82
01000
00000
00002
00003
00020
00030
00200
00300
02000
03000
00010
00000
00100
00000
00001
00000
,  // measure 83
10000
00100
01000
00020
00030
00100
00001
00010
,  // measure 84
00100
00000
01000
00000
00100
00000
10000
00000
00010
00000
10010
00000
00100
00001
10000
00000
,  // measure 85
00100
00000
02000
00000
03000
00000
00010
00000
00100
00000
01001
00000
00100
10000
00001
00000
,  // measure 86
00100
00000
00020
00000
00030
00000
01000
00000
00100
00000
10010
00000
00100
00001
01000
00000
,  // measure 87
00100
00000
20000
00000
30000
00000
00010
00000
00100
00000
01001
00000
00100
10000
00010
00000
,  // measure 88
00100
00000
00002
00000
00003
00000
01000
00000
00100
00000
01001
00000
01000
00001
00100
00000
,  // measure 89
00010
00000
01000
00000
00100
00000
10000
00000
00010
00000
10010
00000
00010
10000
00100
00000
,  // measure 90
01000
00010
00100
00001
01000
00100
10000
01000
,  // measure 91
00100
00010
01000
00100
10000
00002
00003
00010
,  // measure 92
00100
00000
01000
00000
00010
00000
00100
00000
01000
00000
20000
00000
00000
30000
00002
00000
,  // measure 93
00000
00003
00200
00000
00000
00300
00020
00000
00000
00030
02000
00000
00000
03000
00200
00000
,  // measure 94
00000
00000
00000
00300
00000
00000
20000
00000
00000
00000
00000
00000
00000
00000
00000
00000
00000
00000
30001
00000
00000
00000
00000
00000
00000
00000
00000
00000
00000
00000
00000
00000
00000
00000
00000
00000
20000
00000
00000
00000
30000
00000
00000
00000
00100
00000
00000
00000
,  // measure 95
02000
00000
03000
00002
00003
00100
00020
00000
00030
20000
31000
00000
,  // measure 96
00002
00013
00000
02000
13000
00000
00020
00031
00000
02000
03000
00100
,  // measure 97
20000
00000
30000
00020
00030
00100
00002
00000
00003
02000
13000
00000
,  // measure 98
00020
00031
00000
20000
31000
00000
00002
00013
00000
00200
00300
00001
,  // measure 99
02000
00000
03000
00200
00300
10000
00020
00000
00030
00200
00301
00000
,  // measure 100
00200
10300
00000
00200
00310
00000
00200
01300
00000
00002
00003
01000
,  // measure 101
00200
00000
00300
20000
30000
00010
00200
00000
00300
00002
00103
00000
,  // measure 102
20000
00000
00000
00000
30100
00000
00000
00000
00000
00000
00000
00000
00020
00000
00000
00000
00130
00000
00000
00000
00000
00000
00000
00000
02000
00000
00000
00000
03100
00000
00000
00000
00000
00000
00000
00000
00001
00000
00000
00100
00000
00000
00000
00000
00000
00000
00000
00000
,  // measure 103
20020
30030
00000
00000
10000
00100
00000
00000
02002
03003
00000
00000
01000
00100
00000
00000
,  // measure 104
20020
30030
00000
00000
00010
00100
00000
00000
02002
03003
00000
00000
01000
00100
10000
01000
,  // measure 105
00100
00010
01000
00100
10000
00010
00100
00001
00010
00100
01000
00010
10000
00100
00000
00000
,  // measure 106
20020
30030
00000
00000
00001
00100
00000
00000
02002
03003
00000
00000
01000
00100
10000
00100
,  // measure 107
01000
00010
00100
00001
20000
00000
30000
00000
00100
00000
01000
00000
00010
00100
00001
00100
,  // measure 108
00010
01000
00100
10000
00002
00000
00003
00000
00100
00000
00010
00000
10000
00100
01000
00100
,  // measure 109
10000
00001
00100
00010
02000
00000
03000
00000
00100
00000
10000
00000
00001
00100
00010
00100
,  // measure 110
00001
10000
00100
01000
00020
00000
00030
00000
00100
00000
00001
00000
00100
00000
00010
01000
,  // measure 111
00010
00000
00100
00000
00001
00010
00100
01000
00010
00000
10000
00000
00100
00000
01000
00010
,  // measure 112
01000
00000
00100
00000
10000
01000
00100
00010
01000
00000
00001
00000
00100
00000
00010
00000
,  // measure 113
00001
00100
10000
01000
00100
00010
10000
00100
,  // measure 114
01000
00000
00001
00000
00100
00000
00010
00000
10000
00000
00100
00000
01000
00100
00010
00001
,  // measure 115
00100
00010
01000
00100
20000
00000
30000
00000
00001
00000
00100
00000
00010
00100
01000
10000
,  // measure 116
00100
01000
00010
00100
00002
00000
00003
00000
10000
00000
00100
00000
01000
00100
10000
01000
,  // measure 117
00100
00010
01000
00100
00020
00000
00030
00000
00001
00000
00100
00000
00010
00100
00001
00010
,  // measure 118
00100
01000
00010
00100
02000
00000
03000
00000
10000
00000
00100
00000
01000
00010
00100
00001
,  // measure 119
01000
00100
10000
00010
00100
00001
00010
00100
01000
00010
00100
00001
10000
00100
01000
00010
,  // measure 120
00100
00001
01000
00100
00010
00001
00100
00010
01000
00100
10000
00010
00100
00001
10000
00100
,  // measure 121
10000
00001
00100
00010
01000
00100
10000
00000
00001
00000
00100
00000
00020
00000
00030
00000
,  // measure 122
01000
00100
10000
00001
00100
00010
00100
01000
10000
00100
01000
00010
00200
00000
00000
00300
,  // measure 123
00002
00000
00000
00003
20000
00000
00000
30000
00200
00000
00000
00300
02000
00000
00000
03000
,  // measure 124
00020
00000
00000
00030
00200
00000
00000
00000
10301
00000
00000
00000
00000
00000
00000
00000
;