00000
00000
00000
00000
,  // measure 1
00000
00000
00000
00000
,  // measure 2
00000
00000
00000
00000
,  // measure 3
00000
00000
00000
00000
,  // measure 4
00000
10000
00001
00100
00010
01000
00100
10000
,  // measure 5
20020
30030
00220
00330
02020
03030
01000
00001
,  // measure 6
00000
00000
00100
00001
10000
00000
00100
00000
01000
00000
00010
00000
00100
00000
00001
00000
,  // measure 7
02000
03100
00000
20020
30030
00010
00100
00001
,  // measure 8
00000
00000
00010
00001
00100
00000
00010
00000
01000
00000
00100
00000
10000
00000
00001
00000
,  // measure 9
00202
00303
02002
03003
02200
03300
01000
00010
,  // measure 10
00000
00010
00100
00110
00000
01000
00100
01100
,  // measure 11
00000
00001
00100
00101
00000
10000
00100
10100
,  // measure 12
00100
01000
00010
00100
00002
00003
20000
30000
,  // measure 13
10100
00000
00002
00003
00101
00000
10000
00001
,  // measure 14
00100
00010
01000
00100
20000
30000
00002
00003
,  // measure 15
00101
00000
20000
30000
10100
00000
00010
01000
,  // measure 16
00100
10000
00001
00100
00020
00030
02000
03000
,  // measure 17
01100
00000
00020
00030
00110
00000
01000
00010
,  // measure 18
00100
00001
10000
00100
01000
00010
00100
00001
,  // measure 19
10000
00001
10000
00001
10000
00001
10000
00001
10000
00001
10000
00001
00100
00000
00010
00000
,  // measure 20
02000
00000
03000
00002
00000
00003
20000
00000
30000
00020
00000
00030
02000
00000
03000
00002
,  // measure 21
00000
00003
00200
00000
00000
00300
00020
00000
10030
00000
00000
00000
00010
00000
00100
00000
,  // measure 22
00002
00000
00003
02000
00000
03000
00020
00000
00030
20000
00000
30000
00200
00000
00000
00300
,  // measure 23
20000
00000
30000
00020
00000
00030
02000
00000
03001
00000
00000
00000
10000
00000
00100
00000
,  // measure 24
01000
00000
00010
00200
00300
01000
00100
00020
02000
00000
03030
00000
01010
00000
00000
00000
,  // measure 25
01000
00100
00010
00002
02000
03003
00001
00100
,  // measure 26
00010
00000
01000
00200
00300
00010
00100
02000
00020
00000
03030
00000
01010
00000
00000
00000
,  // measure 27
00010
00100
01000
10000
00100
01000
00010
00100
,  // measure 28
00002
00000
00003
20000
00000
30000
00020
00000
00030
02000
00000
03000
00002
00000
00003
00020
,  // measure 29
00000
00030
00200
00000
00000
00300
02000
00000
03010
00000
00000
00000
01000
00000
00100
00000
,  // measure 30
20000
00000
30000
00002
00000
00003
02000
00000
03000
20000
00000
30000
00200
00000
00000
00300
,  // measure 31
00002
00000
00003
20000
00000
30000
00020
00000
01030
00000
00000
00000
00010
00000
00100
00000
,  // measure 32
00001
00000
10000
00200
00300
00001
00100
20000
00002
00000
30003
00000
10001
00000
00000
00000
,  // measure 33
00001
00100
10000
02000
00002
03003
01000
00100
,  // measure 34
10000
00000
00001
00200
00300
10000
00100
00002
20000
00000
30003
00000
10001
00000
00000
00000
,  // measure 35
01000
00100
00010
00001
00100
00010
01000
00100
10000
01000
00100
00010
02000
03000
00200
00300
,  // measure 36
20000
00000
00000
00000
00000
30000
00002
00000
00000
00000
00000
00000
00000
00003
00200
00000
,  // measure 37
00000
00300
00020
00000
00000
00000
00000
00000
00000
00030
00200
00300
00002
00003
20000
00000
,  // measure 38
00000
00000
00000
00000
00000
30000
00020
00000
00000
00000
00000
00000
00000
00030
02000
00000
,  // measure 39
00000
00000
00000
00000
00000
03000
00200
00000
00000
00300
20000
30000
00002
00003
00020
00000
,  // measure 40
00000
00000
00000
00000
00000
00030
00200
00000
00000
00000
00000
00000
00000
00300
02000
00000
,  // measure 41
00000
00000
00000
00000
00000
00000
00000
03000
00020
00030
00200
00000
00000
00300
00002
00000
,  // measure 42
00000
00003
20000
00000
00000
30000
00020
00030
00200
00300
02000
03000
20000
30000
00200
00300
,  // measure 43
02000
00000
03010
00000
01010
00000
00010
00100
,  // measure 44
00002
00000
00003
00020
00000
00030
20000
00000
30000
02000
00000
03000
00020
00000
00030
00002
,  // measure 45
00000
00003
00200
00000
00000
00300
20000
00000
31000
00000
00000
00000
10000
00000
00100
00000
,  // measure 46
00002
00000
00003
00020
00000
00030
02000
00000
03000
20000
00000
30000
00200
00000
00000
00300
,  // measure 47
20000
00000
30000
02000
00000
03000
00020
00000
00031
00000
00000
00000
00010
00000
00100
00000
,  // measure 48
00001
00000
00100
00020
00030
01000
00100
20000
02000
00000
33000
00000
11000
00000
00000
00000
,  // measure 49
01000
10000
00100
02000
00002
03003
01000
00100
,  // measure 50
10000
00000
00100
02000
03000
00010
00100
00002
00020
00000
00033
00000
00011
00000
00000
00000
,  // measure 51
00010
00001
00100
00010
01000
00100
10000
01000
10000
00100
01000
00010
00100
00000
00001
00000
,  // measure 52
20000
00000
00000
00000
00000
00000
00000
00000
00020
30000
00000
00000
00000
00000
00000
00030
,  // measure 53
00200
00000
00300
00002
00000
00000
02000
00000
03003
00000
01001
00000
10000
00000
00100
00000
,  // measure 54
02000
00000
00000
00000
00000
00000
00000
00000
00002
03000
00000
00000
00000
00000
00000
00003
,  // measure 55
00200
00000
00300
00020
00000
00000
20000
00000
30030
00000
10010
00000
01001
00000
00100
00000
,  // measure 56
00020
00000
00000
00000
00000
00000
00000
00000
20000
00030
00000
00000
00000
00000
00000
30000
,  // measure 57
00200
00000
00300
02000
00000
00000
00002
00000
03003
00000
01001
00000
01000
00000
00100
00000
,  // measure 58
20000
00000
00000
00000
00000
00000
00000
00000
00020
30000
00000
00000
00000
00000
00000
00030
,  // measure 59
00200
00000
00300
00002
00000
00000
02000
00000
03003
00000
01001
00000
20020
00000
30030
00000
;