00000
00000
00000
00000
,
00000
00000
00000
00000
,
00000
00000
00000
00000
,
00000
00000
00000
00000
,
01000
01100
00010
00110
,
10000
10100
00001
00101
,
01000
01000
00010
00010
10000
10000
00001
00001
,
20002
00000
00000
00000
30003
00000
00000
00000
10000
00001
10000
00001
10000
00001
10000
00001
,
00100
00000
00010
00000
01010
00000
01000
00100
00000
10000
00100
00000
01000
00010
01000
00010
,
10000
00000
00100
00000
01000
00000
00010
00100
00000
00001
00100
00000
01010
00000
00000
00000
,
00010
00000
00100
00000
01010
00000
00010
00100
00000
00001
00100
00000
00010
01000
00010
01000
,
00001
00000
00100
00000
00010
00000
01000
00100
00000
10000
00100
00000
01010
00000
00000
00000
,
01000
00000
00100
00000
01010
00000
02000
03001
00000
00020
10030
00000
01000
00100
01000
00100
,
10000
00000
01000
00000
00100
00000
00010
00100
00000
00001
00100
00000
01010
00000
00000
00000
,
00010
00000
00100
00000
01010
00000
00020
10030
00000
02000
03001
00000
00010
00100
00010
00100
,
00001
00000
00010
00000
00100
00000
01000
00010
00000
10000
00001
00000
01000
00001
00100
00020
,
20000
00000
30030
00000
,
00001
10000
00001
10000
00001
10000
00001
10000
00200
00000
00300
00000
02020
00000
03030
00000
,
01000
00000
00010
00000
00100
00000
00010
00000
01000
00100
10000
00001
00100
00000
00010
00000
,
01000
00001
00100
00010
10000
00000
00100
00000
01010
00000
00100
00000
10001
00000
00000
00000
,
20010
00100
30001
00000
01002
00100
10003
00000
,
00010
10000
00100
01000
00001
00000
00100
00000
01010
00000
00100
00000
20002
00000
30003
00000
,
00010
00000
00100
00000
00010
00000
01000
00000
00100
10000
00001
00100
00010
00000
01000
00000
,
00100
00010
00001
00100
00020
00000
00031
00000
00001
00010
00100
00001
00020
00000
00130
00000
,
01000
00100
10000
01000
00200
00000
01300
00000
01000
10000
00100
01000
20000
00000
30100
00000
,
00100
10000
01000
00100
20000
30000
00002
00003
00100
00000
00010
00000
01000
00000
00100
00000
,
10002
00103
02001
03100
01020
00130
20010
30100
,
01020
00130
20001
30100
02010
03100
10002
00103
,
00010
00100
00010
01000
00001
00010
00100
01000
,
00010
00100
00001
10000
10001
00100
01010
01010
,
20001
30100
10020
00130
02010
03100
01002
00103
,
02010
03100
10002
00103
01020
00130
20001
30100
,
01000
00100
01000
00010
10000
01000
00100
00010
,
01000
00100
10000
00001
01000
01000
00010
00010
,
01010
10001
01010
10001
,
01000
00001
00100
00010
10000
00000
10010
00000
00010
10000
00100
01000
00001
00000
01001
00000
,
10010
01001
10010
01001
,
10000
00010
00100
00001
00010
00000
00011
00000
00001
01000
00100
10000
01000
00000
11000
00000
,
10100
00110
01100
00101
,
01000
00001
00100
00010
00001
00000
00011
00000
00010
10000
00100
01000
10000
00000
11000
00000
,
02002
03003
00100
10010
02002
03003
00100
10010
,
01000
00100
10000
01000
00100
00001
00010
00100
01000
00000
00010
00000
00001
00000
00100
00000
,
10000
00000
00001
00000
00100
00000
00010
00000
01000
00000
00100
00000
01000
00000
00010
00100
,
00001
10000
00100
00000
10010
00000
00100
00000
02001
00000
00000
03000
00200
00300
20000
30000
,
00020
00030
10010
00000
02000
03010
00002
10003
,
00020
01030
20000
30001
00020
10030
02000
03001
,
00010
10000
00010
00100
00010
00001
00100
10000
00001
00000
00100
00000
00010
00000
01000
00100
,
10000
00001
00100
00000
01001
00000
00100
00000
10020
00000
00000
00030
00200
00300
00002
00003
,
02000
03000
01001
00000
00020
01030
20000
30001
,
02000
03010
00002
10003
02000
03001
00020
10030
,
01000
00001
01000
00100
01000
10000
00100
00001
20000
00000
00000
00000
00000
00000
00100
00000
,
00000
00100
30000
00000
00001
00100
00001
01000
,
00010
00100
00010
10000
00000
00000
00000
00000
00002
00000
00000
00000
00000
00000
00100
00000
,
00000
00100
00003
00000
01000
00100
01000
00010
,
10000
00100
10000
00001
00000
00000
00000
00000
02000
00000
00000
00000
00000
00000
00100
00000
,
00000
00100
03000
00000
00001
00100
00001
10000
,
00010
00100
00010
01000
00000
00000
00000
00000
00200
00000
00000
00000
00000
00000
00000
00000
,
00000
00000
00000
00000
00000
00000
00000
00000
00000
00000
00000
00000
00000
00000
00000
00000
00000
00000
00000
00000
00000
00000
00000
00000
00000
00000
00000
00000
00000
00300
00000
00000
,
00000
00000
00000
00000
00000
01000
00000
00100
00000
01000
00000
00010
00000
00100
00000
00010
00000
01000
00000
00100
00000
10000
00000
00000
00000
00001
00000
00000
00000
10000
00000
00000
,
00000
00001
00000
00000
00000
10000
00000
00000
00000
00001
00000
00000
00000
10000
00000
00000
00000
00001
00000
00000
00000
01000
00000
00100
00000
01000
00000
00010
00000
00100
00000
00001
,
00000
01000
00000
00100
00000
10000
00000
01000
00000
10000
00000
00100
00000
01000
00000
00010
00000
00100
00000
00001
00000
01000
00000
00100
00000
00010
00000
00100
00000
01000
00000
00001
,
00000
00100
00000
00010
00000
00100
00000
01000
00000
00100
00000
00010
00000
01000
00000
00100
00000
10000
00000
00001
00000
00100
00000
00010
00000
01000
00000
00100
00000
01000
00000
00010
,
00000
00100
00000
00001
00000
00010
00000
00100
00000
01000
00000
00100
00000
10000
00000
00001
00000
00100
00000
00010
00000
10000
00000
00100
00000
00001
00000
00100
00000
10000
00000
00010
,
00000
00100
00000
00001
00000
00100
00000
10000
00000
00100
00000
00001
00000
10000
00000
00100
00000
01000
00000
00010
00000
00100
00000
01000
00000
10000
00000
00100
00000
01000
00000
10000
,
00000
00100
00000
00001
00000
00010
00000
00100
00000
00010
00000
00001
00000
00100
00000
00010
00000
00001
00000
00100
00000
01000
00000
10000
00000
01000
00000
00100
00000
00001
00000
00010
,
00000
00001
00000
00100
00000
10000
00000
01000
00000
10000
00000
00100
00000
00010
00000
00001
00000
00100
00000
00020
00000
20000
00000
00000
00000
30030
00000
00000
00000
01100
00000
00000
,
00000
10010
00000
00000
00000
02002
00000
00000
00000
03003
00000
00000
00000
00110
00000
00000
00000
01001
00000
00000
00000
10000
00000
00100
00000
01000
00000
10000
00000
00100
00000
00001
,
00000
00010
00000
00100
00000
00000
10000
00000
00000
00000
01000
00000
00000
00000
10000
00000
00000
00000
00100
00000
00000
00000
00001
00000
00000
00000
00010
00000
00000
00000
00100
00000
,
00000
02000
00000
20000
00000
00000
00000
00000
00000
00000
00000
00000
00000
00000
00000
00000
,
00000
33000
00000
00000
00000
00000
00000
00000
;